





<!DOCTYPE html>
<html lang="en" data-color-mode="light">
  <head>
    <meta charset="utf-8">
  <link rel="dns-prefetch" href="https://github.githubassets.com">
  <link rel="dns-prefetch" href="https://avatars0.githubusercontent.com">
  <link rel="dns-prefetch" href="https://avatars1.githubusercontent.com">
  <link rel="dns-prefetch" href="https://avatars2.githubusercontent.com">
  <link rel="dns-prefetch" href="https://avatars3.githubusercontent.com">
  <link rel="dns-prefetch" href="https://github-cloud.s3.amazonaws.com">
  <link rel="dns-prefetch" href="https://user-images.githubusercontent.com/">



  <link crossorigin="anonymous" media="all" integrity="sha512-BSy+E+S5PJuDWKcXiIXBoFJ7uJ+88y6hFdIhZpf7nf9MVNVvnJDPUaotaxFUQi8UXCLJOcGv1uifxVMc9o5DYQ==" rel="stylesheet" href="https://github.githubassets.com/assets/frameworks-052cbe13e4b93c9b8358a7178885c1a0.css" />
  
    <link crossorigin="anonymous" media="all" integrity="sha512-zZEYWrT2WyrAqN2Nm29ttIz36AXxSxE+Mf4ARvtJCQrVVOFpnh0nRYu5fbAjtXXTRBDytc8BGLPA7sCsjvGQLw==" rel="stylesheet" href="https://github.githubassets.com/assets/github-cd91185ab4f65b2ac0a8dd8d9b6f6db4.css" />
    
    
    
    

  <script crossorigin="anonymous" defer="defer" integrity="sha512-8K2vvwbW+6H27Nad5ydg8PA2/aMD/LKq+EiK9s0U0hhVZxCI2tWBsYk9beAtisRw2j+Or5k2/F+6dk02nmj/PA==" type="application/javascript" src="https://github.githubassets.com/assets/environment-f0adafbf.js"></script>
    <script crossorigin="anonymous" defer="defer" integrity="sha512-bf3k8Y60Hljk6JoJikJwUktgpWsNM3NEnNgmlScAD6u57WAUEgCSZh5BsU5ls8YxsL8cZUaKGHC5fsf143pfaw==" type="application/javascript" src="https://github.githubassets.com/assets/chunk-frameworks-6dfde4f1.js"></script>
    <script crossorigin="anonymous" defer="defer" integrity="sha512-TZfq2T+XE31Mcp17bGlABjjeQ/69IH2f/sBvS31c4Jua0e1O/NE+aVbQtItMM2GFlmeEm13p/zyyWGIx10jVKQ==" type="application/javascript" src="https://github.githubassets.com/assets/chunk-vendor-4d97ead9.js"></script>
  
  <script crossorigin="anonymous" defer="defer" integrity="sha512-gkZCpFyYrX7ycwoeUW7Wyk7sg8OBhVVIA5gFuJfzX3jZcu1jiTPWWM749XEjX9pILro9F5+l+WUfz/MUpAwI0w==" type="application/javascript" src="https://github.githubassets.com/assets/behaviors-824642a4.js"></script>
  
    <script crossorigin="anonymous" defer="defer" integrity="sha512-F/8sNCLF603gJL0egQeZwFTYP9dfZAVEWHdjMssZ2opLZXRK08vgowBRzKyra6u9zU/rGVxe+igfJsSWzfO2lg==" type="application/javascript" data-module-id="./chunk-contributions-spider-graph.js" data-src="https://github.githubassets.com/assets/chunk-contributions-spider-graph-17ff2c34.js"></script>
    <script crossorigin="anonymous" defer="defer" integrity="sha512-obMR8mPKx8OvqRe34LgnUcxeJ1qujiA4ND3H6UX13ExMlA/WfHLjEzXRmgGRcRvN/8J1nzc+Z+jgz/PLTFy6zg==" type="application/javascript" data-module-id="./chunk-drag-drop.js" data-src="https://github.githubassets.com/assets/chunk-drag-drop-a1b311f2.js"></script>
    <script crossorigin="anonymous" defer="defer" integrity="sha512-AVtc/43rg+h7XgMPOa+baO1Fj+uiMUrLHd16U6+c6Tk7atk70Ux4IcGRPOHqMv422QIJD7l7BhG2PL4G/tUVKg==" type="application/javascript" data-module-id="./chunk-jump-to.js" data-src="https://github.githubassets.com/assets/chunk-jump-to-015b5cff.js"></script>
    <script crossorigin="anonymous" defer="defer" integrity="sha512-biWH4OAQPiDiTkaeyDnXf6hHF3u3Mv3eaDEvt8AdT/QvWDpLbnusALT4ZO+f+DgYp07UiHxNRAB6/J7IwPW6TQ==" type="application/javascript" data-module-id="./chunk-lib.dev.js" data-src="https://github.githubassets.com/assets/chunk-lib.dev-6e2587e0.js"></script>
    <script crossorigin="anonymous" defer="defer" integrity="sha512-tcH4xCRuMBAh1PruDaiwGnRIbHlF6bGLhxyCQ16uqok1cV5QFMguVPWJtN9KI0jGQOgN+Pha3+uOUXhXdfK/qw==" type="application/javascript" data-module-id="./chunk-profile-pins-element.js" data-src="https://github.githubassets.com/assets/chunk-profile-pins-element-b5c1f8c4.js"></script>
    <script crossorigin="anonymous" defer="defer" integrity="sha512-E+H+wAtjiqutBvn2cnXzDIvmasIhYiS7i7JzOfFUwo+Ej8zT54OrJtP//RhwixnypgOpCF4JvqzYy6zOtORDmg==" type="application/javascript" data-module-id="./chunk-runner-groups.js" data-src="https://github.githubassets.com/assets/chunk-runner-groups-13e1fec0.js"></script>
    <script crossorigin="anonymous" defer="defer" integrity="sha512-rIWotuwsYxV+jXNuevOVsulW2zsw98Gi4j7KXrJZq+bWFV86Y/R75+1jMjt5k1MPgabdTPpWPI/IoESZhah9ng==" type="application/javascript" data-module-id="./chunk-sortable-behavior.js" data-src="https://github.githubassets.com/assets/chunk-sortable-behavior-ac85a8b6.js"></script>
    <script crossorigin="anonymous" defer="defer" integrity="sha512-ZBICwPA18KYIgHbafqdjnTkxoCSNf/39rTlupkrtdpIWizECoux0ROzjAgyAx20Bf27VfshuBqrYwDqOVftyag==" type="application/javascript" data-module-id="./chunk-tweetsodium.js" data-src="https://github.githubassets.com/assets/chunk-tweetsodium-641202c0.js"></script>
    <script crossorigin="anonymous" defer="defer" integrity="sha512-QUtHMb3mxbE2DQSQZb9+tK8ZC2m05FFqZOa5ju2Sj0GdiQV+ce/bnIK/YwoMdty44NEhEIkZUIyh9DqLMsRedg==" type="application/javascript" data-module-id="./chunk-user-status-submit.js" data-src="https://github.githubassets.com/assets/chunk-user-status-submit-414b4731.js"></script>
  
  <script crossorigin="anonymous" defer="defer" integrity="sha512-B+TgAy+wlZmUjsDcWKt55BrTpxxZDolcD9v47x25Ue46lVb9c0n1tRz+BjjSeC4CuN9M3psDUpBhsr1aFKpFCw==" type="application/javascript" src="https://github.githubassets.com/assets/repositories-07e4e003.js"></script>
<script crossorigin="anonymous" defer="defer" integrity="sha512-Dl4JXoI2igFuQLn6MCPPgiS7TVx3c0/G8iaIZCNzgGi4Iwg8TC0y4LPT584yJ+r6ZsF5QIFL9uo+nhHdBvfLNQ==" type="application/javascript" src="https://github.githubassets.com/assets/diffs-0e5e095e.js"></script>

  <meta name="viewport" content="width=device-width">
  
  <title>cmepda_medphys/FS_features_ABIDE_males_someGlobals.csv at master · retico/cmepda_medphys</title>
    <meta name="description" content="Medical Physics Module of Computing Methods for Experimental Physics and Data Analysis - retico/cmepda_medphys">
    <link rel="search" type="application/opensearchdescription+xml" href="/opensearch.xml" title="GitHub">
  <link rel="fluid-icon" href="https://github.com/fluidicon.png" title="GitHub">
  <meta property="fb:app_id" content="1401488693436528">
  <meta name="apple-itunes-app" content="app-id=1477376905" />
    <meta name="twitter:image:src" content="https://avatars3.githubusercontent.com/u/54465161?s=400&amp;v=4" /><meta name="twitter:site" content="@github" /><meta name="twitter:card" content="summary" /><meta name="twitter:title" content="retico/cmepda_medphys" /><meta name="twitter:description" content="Medical Physics Module of Computing Methods for Experimental Physics and Data Analysis - retico/cmepda_medphys" />
    <meta property="og:image" content="https://avatars3.githubusercontent.com/u/54465161?s=400&amp;v=4" /><meta property="og:site_name" content="GitHub" /><meta property="og:type" content="object" /><meta property="og:title" content="retico/cmepda_medphys" /><meta property="og:url" content="https://github.com/retico/cmepda_medphys" /><meta property="og:description" content="Medical Physics Module of Computing Methods for Experimental Physics and Data Analysis - retico/cmepda_medphys" />



    

  <link rel="assets" href="https://github.githubassets.com/">
    <link rel="shared-web-socket" href="wss://alive.github.com/_sockets/u/75328593/ws?session=eyJ2IjoiVjMiLCJ1Ijo3NTMyODU5MywicyI6NjI4NzY4NDcxLCJjIjoyODE1NjkzOTUxLCJ0IjoxNjA5NjAxMjc5fQ==--a6fab6631a1b3fc7f243ca9e9389ad7f30c5c9e2c3369ffd035cc4fac30f61c3" data-refresh-url="/_alive">
    <link rel="shared-web-socket-src" href="/socket-worker-5029ae85.js">
  <link rel="sudo-modal" href="/sessions/sudo_modal">

  <meta name="request-id" content="9C8A:128A6:175D9F5B:21C62335:5FF090EF" data-pjax-transient="true" /><meta name="html-safe-nonce" content="7212036ec873686572954a75c2eb5db3ec999b5fc24e2b172bffbefed885c42a" data-pjax-transient="true" /><meta name="visitor-payload" content="eyJyZWZlcnJlciI6Imh0dHBzOi8vZ2l0aHViLmNvbS9yZXRpY28vY21lcGRhX21lZHBoeXMvdHJlZS9tYXN0ZXIvTDhfY29kZSIsInJlcXVlc3RfaWQiOiI5QzhBOjEyOEE2OjE3NUQ5RjVCOjIxQzYyMzM1OjVGRjA5MEVGIiwidmlzaXRvcl9pZCI6IjE0NzQ3MzMwMTYxNTQyNjg0NDkiLCJyZWdpb25fZWRnZSI6ImZyYSIsInJlZ2lvbl9yZW5kZXIiOiJpYWQifQ==" data-pjax-transient="true" /><meta name="visitor-hmac" content="652920ead959c8ad393e07668ac2fdd3440ffc00820e0bc467704aacd493f9d2" data-pjax-transient="true" />

    <meta name="hovercard-subject-tag" content="repository:223180914" data-pjax-transient>


  <meta name="github-keyboard-shortcuts" content="repository,source-code" data-pjax-transient="true" />

  

  <meta name="selected-link" value="repo_source" data-pjax-transient>

    <meta name="google-site-verification" content="c1kuD-K2HIVF635lypcsWPoD4kilo5-jA_wBFyT4uMY">
  <meta name="google-site-verification" content="KT5gs8h0wvaagLKAVWq8bbeNwnZZK1r1XQysX3xurLU">
  <meta name="google-site-verification" content="ZzhVyEFwb7w3e0-uOTltm8Jsck2F5StVihD0exw2fsA">
  <meta name="google-site-verification" content="GXs5KoUUkNCoaAZn7wPN-t01Pywp9M3sEjnt_3_ZWPc">

  <meta name="octolytics-host" content="collector.githubapp.com" /><meta name="octolytics-app-id" content="github" /><meta name="octolytics-event-url" content="https://collector.githubapp.com/github-external/browser_event" /><meta name="octolytics-actor-id" content="75328593" /><meta name="octolytics-actor-login" content="oliva-uniss" /><meta name="octolytics-actor-hash" content="fa72e989bfe08d6cd869567d4c68dc47e140b7103dc021c2bfa0330f2c04fce3" />

  <meta name="analytics-location" content="/&lt;user-name&gt;/&lt;repo-name&gt;/blob/show" data-pjax-transient="true" />

  



  <meta name="optimizely-datafile" content="{&quot;version&quot;: &quot;4&quot;, &quot;rollouts&quot;: [], &quot;typedAudiences&quot;: [], &quot;anonymizeIP&quot;: true, &quot;projectId&quot;: &quot;16737760170&quot;, &quot;variables&quot;: [], &quot;featureFlags&quot;: [], &quot;experiments&quot;: [{&quot;status&quot;: &quot;Running&quot;, &quot;audienceIds&quot;: [], &quot;variations&quot;: [{&quot;variables&quot;: [], &quot;id&quot;: &quot;19512260014&quot;, &quot;key&quot;: &quot;separate_plans_and_usage&quot;}, {&quot;variables&quot;: [], &quot;id&quot;: &quot;19509770036&quot;, &quot;key&quot;: &quot;control&quot;}], &quot;id&quot;: &quot;19536000020&quot;, &quot;key&quot;: &quot;account_billing_plans_and_usage&quot;, &quot;layerId&quot;: &quot;19545220022&quot;, &quot;trafficAllocation&quot;: [{&quot;entityId&quot;: &quot;19509770036&quot;, &quot;endOfRange&quot;: 2500}, {&quot;entityId&quot;: &quot;&quot;, &quot;endOfRange&quot;: 5000}, {&quot;entityId&quot;: &quot;19512260014&quot;, &quot;endOfRange&quot;: 7500}, {&quot;entityId&quot;: &quot;&quot;, &quot;endOfRange&quot;: 10000}], &quot;forcedVariations&quot;: {&quot;1238720267648ea2c88a74b410aa3c5c&quot;: &quot;separate_plans_and_usage&quot;}}], &quot;audiences&quot;: [{&quot;conditions&quot;: &quot;[\&quot;or\&quot;, {\&quot;match\&quot;: \&quot;exact\&quot;, \&quot;name\&quot;: \&quot;$opt_dummy_attribute\&quot;, \&quot;type\&quot;: \&quot;custom_attribute\&quot;, \&quot;value\&quot;: \&quot;$opt_dummy_value\&quot;}]&quot;, &quot;id&quot;: &quot;$opt_dummy_audience&quot;, &quot;name&quot;: &quot;Optimizely-Generated Audience for Backwards Compatibility&quot;}], &quot;groups&quot;: [], &quot;attributes&quot;: [{&quot;id&quot;: &quot;16822470375&quot;, &quot;key&quot;: &quot;user_id&quot;}, {&quot;id&quot;: &quot;17143601254&quot;, &quot;key&quot;: &quot;spammy&quot;}, {&quot;id&quot;: &quot;18175660309&quot;, &quot;key&quot;: &quot;organization_plan&quot;}, {&quot;id&quot;: &quot;18813001570&quot;, &quot;key&quot;: &quot;is_logged_in&quot;}, {&quot;id&quot;: &quot;19073851829&quot;, &quot;key&quot;: &quot;geo&quot;}], &quot;botFiltering&quot;: false, &quot;accountId&quot;: &quot;16737760170&quot;, &quot;events&quot;: [{&quot;experimentIds&quot;: [], &quot;id&quot;: &quot;17911811441&quot;, &quot;key&quot;: &quot;hydro_click.dashboard.teacher_toolbox_cta&quot;}, {&quot;experimentIds&quot;: [], &quot;id&quot;: &quot;18124116703&quot;, &quot;key&quot;: &quot;submit.organizations.complete_sign_up&quot;}, {&quot;experimentIds&quot;: [], &quot;id&quot;: &quot;18145892387&quot;, &quot;key&quot;: &quot;no_metric.tracked_outside_of_optimizely&quot;}, {&quot;experimentIds&quot;: [], &quot;id&quot;: &quot;18178755568&quot;, &quot;key&quot;: &quot;click.org_onboarding_checklist.add_repo&quot;}, {&quot;experimentIds&quot;: [], &quot;id&quot;: &quot;18180553241&quot;, &quot;key&quot;: &quot;submit.repository_imports.create&quot;}, {&quot;experimentIds&quot;: [], &quot;id&quot;: &quot;18186103728&quot;, &quot;key&quot;: &quot;click.help.learn_more_about_repository_creation&quot;}, {&quot;experimentIds&quot;: [], &quot;id&quot;: &quot;18188530140&quot;, &quot;key&quot;: &quot;test_event.do_not_use_in_production&quot;}, {&quot;experimentIds&quot;: [], &quot;id&quot;: &quot;18191963644&quot;, &quot;key&quot;: &quot;click.empty_org_repo_cta.transfer_repository&quot;}, {&quot;experimentIds&quot;: [], &quot;id&quot;: &quot;18195612788&quot;, &quot;key&quot;: &quot;click.empty_org_repo_cta.import_repository&quot;}, {&quot;experimentIds&quot;: [], &quot;id&quot;: &quot;18210945499&quot;, &quot;key&quot;: &quot;click.org_onboarding_checklist.invite_members&quot;}, {&quot;experimentIds&quot;: [], &quot;id&quot;: &quot;18211063248&quot;, &quot;key&quot;: &quot;click.empty_org_repo_cta.create_repository&quot;}, {&quot;experimentIds&quot;: [], &quot;id&quot;: &quot;18215721889&quot;, &quot;key&quot;: &quot;click.org_onboarding_checklist.update_profile&quot;}, {&quot;experimentIds&quot;: [], &quot;id&quot;: &quot;18224360785&quot;, &quot;key&quot;: &quot;click.org_onboarding_checklist.dismiss&quot;}, {&quot;experimentIds&quot;: [], &quot;id&quot;: &quot;18234832286&quot;, &quot;key&quot;: &quot;submit.organization_activation.complete&quot;}, {&quot;experimentIds&quot;: [], &quot;id&quot;: &quot;18252392383&quot;, &quot;key&quot;: &quot;submit.org_repository.create&quot;}, {&quot;experimentIds&quot;: [], &quot;id&quot;: &quot;18257551537&quot;, &quot;key&quot;: &quot;submit.org_member_invitation.create&quot;}, {&quot;experimentIds&quot;: [], &quot;id&quot;: &quot;18259522260&quot;, &quot;key&quot;: &quot;submit.organization_profile.update&quot;}, {&quot;experimentIds&quot;: [], &quot;id&quot;: &quot;18564603625&quot;, &quot;key&quot;: &quot;view.classroom_select_organization&quot;}, {&quot;experimentIds&quot;: [], &quot;id&quot;: &quot;18568612016&quot;, &quot;key&quot;: &quot;click.classroom_sign_in_click&quot;}, {&quot;experimentIds&quot;: [], &quot;id&quot;: &quot;18572592540&quot;, &quot;key&quot;: &quot;view.classroom_name&quot;}, {&quot;experimentIds&quot;: [], &quot;id&quot;: &quot;18574203855&quot;, &quot;key&quot;: &quot;click.classroom_create_organization&quot;}, {&quot;experimentIds&quot;: [], &quot;id&quot;: &quot;18582053415&quot;, &quot;key&quot;: &quot;click.classroom_select_organization&quot;}, {&quot;experimentIds&quot;: [], &quot;id&quot;: &quot;18589463420&quot;, &quot;key&quot;: &quot;click.classroom_create_classroom&quot;}, {&quot;experimentIds&quot;: [], &quot;id&quot;: &quot;18591323364&quot;, &quot;key&quot;: &quot;click.classroom_create_first_classroom&quot;}, {&quot;experimentIds&quot;: [], &quot;id&quot;: &quot;18591652321&quot;, &quot;key&quot;: &quot;click.classroom_grant_access&quot;}, {&quot;experimentIds&quot;: [], &quot;id&quot;: &quot;18607131425&quot;, &quot;key&quot;: &quot;view.classroom_creation&quot;}, {&quot;experimentIds&quot;: [], &quot;id&quot;: &quot;18831680583&quot;, &quot;key&quot;: &quot;upgrade_account_plan&quot;}, {&quot;experimentIds&quot;: [], &quot;id&quot;: &quot;19064064515&quot;, &quot;key&quot;: &quot;click.signup&quot;}, {&quot;experimentIds&quot;: [], &quot;id&quot;: &quot;19075373687&quot;, &quot;key&quot;: &quot;click.view_account_billing_page&quot;}, {&quot;experimentIds&quot;: [], &quot;id&quot;: &quot;19077355841&quot;, &quot;key&quot;: &quot;click.dismiss_signup_prompt&quot;}, {&quot;experimentIds&quot;: [], &quot;id&quot;: &quot;19079713938&quot;, &quot;key&quot;: &quot;click.contact_sales&quot;}, {&quot;experimentIds&quot;: [&quot;19536000020&quot;], &quot;id&quot;: &quot;19120963070&quot;, &quot;key&quot;: &quot;click.compare_account_plans&quot;}, {&quot;experimentIds&quot;: [&quot;19536000020&quot;], &quot;id&quot;: &quot;19151690317&quot;, &quot;key&quot;: &quot;click.upgrade_account_cta&quot;}, {&quot;experimentIds&quot;: [], &quot;id&quot;: &quot;19424193129&quot;, &quot;key&quot;: &quot;click.open_account_switcher&quot;}, {&quot;experimentIds&quot;: [], &quot;id&quot;: &quot;19520330825&quot;, &quot;key&quot;: &quot;click.visit_account_profile&quot;}, {&quot;experimentIds&quot;: [], &quot;id&quot;: &quot;19540970635&quot;, &quot;key&quot;: &quot;click.switch_account_context&quot;}], &quot;revision&quot;: &quot;380&quot;}" />
  <!-- To prevent page flashing, the optimizely JS needs to be loaded in the
    <head> tag before the DOM renders -->
  <script crossorigin="anonymous" defer="defer" integrity="sha512-VJrqSK702Mzl9EQxm2OvFxKaumGptgVdeJS2rsaLvVlOdR4HEu3ZFjtV83kMKdYRelUnxxaAFw0wthkpdEUafw==" type="application/javascript" src="https://github.githubassets.com/assets/optimizely-549aea48.js"></script>



  

      <meta name="hostname" content="github.com">
    <meta name="user-login" content="oliva-uniss">


      <meta name="expected-hostname" content="github.com">

      <meta name="js-proxy-site-detection-payload" content="YTU3MTJiMTU3ODA4YzkyZjFlZDc2NjZiNmQ5YmFhNmY0ZjU0NTliNmU4OGIwMGJhNDM5ZWEwMDljMDBmNjU1NHx7InJlbW90ZV9hZGRyZXNzIjoiNzguMTMuMTA4LjExNyIsInJlcXVlc3RfaWQiOiI5QzhBOjEyOEE2OjE3NUQ5RjVCOjIxQzYyMzM1OjVGRjA5MEVGIiwidGltZXN0YW1wIjoxNjA5NjAxMjc5LCJob3N0IjoiZ2l0aHViLmNvbSJ9">

    <meta name="enabled-features" content="MARKETPLACE_PENDING_INSTALLATIONS,JS_HTTP_CACHE_HEADERS,ACTIONS_ENVIRONMENTS,ACTIONS_ENVIRONMENTS,TASK_LIST_AUTOCOMPLETE,MULTI_WORD_SUGGESTER">

  <meta http-equiv="x-pjax-version" content="b9519ee0f1a36ea318a50dfe223f5168c887f949c28be1eb4abf8a9c37367fa6">
  

        <link href="https://github.com/retico/cmepda_medphys/commits/master.atom" rel="alternate" title="Recent Commits to cmepda_medphys:master" type="application/atom+xml">

  <meta name="go-import" content="github.com/retico/cmepda_medphys git https://github.com/retico/cmepda_medphys.git">

  <meta name="octolytics-dimension-user_id" content="54465161" /><meta name="octolytics-dimension-user_login" content="retico" /><meta name="octolytics-dimension-repository_id" content="223180914" /><meta name="octolytics-dimension-repository_nwo" content="retico/cmepda_medphys" /><meta name="octolytics-dimension-repository_public" content="true" /><meta name="octolytics-dimension-repository_is_fork" content="false" /><meta name="octolytics-dimension-repository_network_root_id" content="223180914" /><meta name="octolytics-dimension-repository_network_root_nwo" content="retico/cmepda_medphys" /><meta name="octolytics-dimension-repository_explore_github_marketplace_ci_cta_shown" content="false" />



    <link rel="canonical" href="https://github.com/retico/cmepda_medphys/blob/master/L8_code/FS_features_ABIDE_males_someGlobals.csv" data-pjax-transient>


  <meta name="browser-stats-url" content="https://api.github.com/_private/browser/stats">

  <meta name="browser-errors-url" content="https://api.github.com/_private/browser/errors">

  <meta name="browser-optimizely-client-errors-url" content="https://api.github.com/_private/browser/optimizely_client/errors">

  <link rel="mask-icon" href="https://github.githubassets.com/pinned-octocat.svg" color="#000000">
  <link rel="alternate icon" class="js-site-favicon" type="image/png" href="https://github.githubassets.com/favicons/favicon.png">
  <link rel="icon" class="js-site-favicon" type="image/svg+xml" href="https://github.githubassets.com/favicons/favicon.svg">

<meta name="theme-color" content="#1e2327">
  <meta name="color-scheme" content="light dark">


  <link rel="manifest" href="/manifest.json" crossOrigin="use-credentials">

  </head>

  <body class="logged-in env-production page-responsive page-blob">
    

    <div class="position-relative js-header-wrapper ">
      <a href="#start-of-content" class="p-3 bg-blue text-white show-on-focus js-skip-to-content">Skip to content</a>
      <span class="progress-pjax-loader width-full js-pjax-loader-bar Progress position-fixed">
    <span style="background-color: #79b8ff;width: 0%;" class="Progress-item progress-pjax-loader-bar "></span>
</span>      
      


            <header class="Header js-details-container Details px-3 px-md-4 px-lg-5 flex-wrap flex-md-nowrap" role="banner" >
    <div class="Header-item mt-n1 mb-n1  d-none d-md-flex">
      <a class="Header-link " href="https://github.com/" data-hotkey="g d"
  aria-label="Homepage " data-ga-click="Header, go to dashboard, icon:logo">
  <svg class="octicon octicon-mark-github v-align-middle" height="32" viewBox="0 0 16 16" version="1.1" width="32" aria-hidden="true"><path fill-rule="evenodd" d="M8 0C3.58 0 0 3.58 0 8c0 3.54 2.29 6.53 5.47 7.59.4.07.55-.17.55-.38 0-.19-.01-.82-.01-1.49-2.01.37-2.53-.49-2.69-.94-.09-.23-.48-.94-.82-1.13-.28-.15-.68-.52-.01-.53.63-.01 1.08.58 1.23.82.72 1.21 1.87.87 2.33.66.07-.52.28-.87.51-1.07-1.78-.2-3.64-.89-3.64-3.95 0-.87.31-1.59.82-2.15-.08-.2-.36-1.02.08-2.12 0 0 .67-.21 2.2.82.64-.18 1.32-.27 2-.27.68 0 1.36.09 2 .27 1.53-1.04 2.2-.82 2.2-.82.44 1.1.16 1.92.08 2.12.51.56.82 1.27.82 2.15 0 3.07-1.87 3.75-3.65 3.95.29.25.54.73.54 1.48 0 1.07-.01 1.93-.01 2.2 0 .21.15.46.55.38A8.013 8.013 0 0016 8c0-4.42-3.58-8-8-8z"></path></svg>
</a>

    </div>

    <div class="Header-item d-md-none">
      <button class="Header-link btn-link js-details-target" type="button" aria-label="Toggle navigation" aria-expanded="false">
        <svg height="24" class="octicon octicon-three-bars" viewBox="0 0 16 16" version="1.1" width="24" aria-hidden="true"><path fill-rule="evenodd" d="M1 2.75A.75.75 0 011.75 2h12.5a.75.75 0 110 1.5H1.75A.75.75 0 011 2.75zm0 5A.75.75 0 011.75 7h12.5a.75.75 0 110 1.5H1.75A.75.75 0 011 7.75zM1.75 12a.75.75 0 100 1.5h12.5a.75.75 0 100-1.5H1.75z"></path></svg>
      </button>
    </div>

    <div class="Header-item Header-item--full flex-column flex-md-row width-full flex-order-2 flex-md-order-none mr-0 mr-md-3 mt-3 mt-md-0 Details-content--hidden-not-important d-md-flex">
          <div class="header-search flex-auto js-site-search position-relative flex-self-stretch flex-md-self-auto mb-3 mb-md-0 mr-0 mr-md-3 scoped-search site-scoped-search js-jump-to"
  role="combobox"
  aria-owns="jump-to-results"
  aria-label="Search or jump to"
  aria-haspopup="listbox"
  aria-expanded="false"
>
  <div class="position-relative">
    <!-- '"` --><!-- </textarea></xmp> --></option></form><form class="js-site-search-form" role="search" aria-label="Site" data-flagged-in="true" data-scope-type="Repository" data-scope-id="223180914" data-scoped-search-url="/retico/cmepda_medphys/search" data-owner-scoped-search-url="/users/retico/search" data-unscoped-search-url="/search" action="/retico/cmepda_medphys/search" accept-charset="UTF-8" method="get">
      <label class="form-control input-sm header-search-wrapper p-0 js-chromeless-input-container header-search-wrapper-jump-to position-relative d-flex flex-justify-between flex-items-center">
        <input type="text"
          class="form-control input-sm header-search-input jump-to-field js-jump-to-field js-site-search-focus js-site-search-field is-clearable"
          data-hotkey="s,/"
          name="q"
          value=""
          placeholder="Search or jump to…"
          data-unscoped-placeholder="Search or jump to…"
          data-scoped-placeholder="Search or jump to…"
          autocapitalize="off"
          aria-autocomplete="list"
          aria-controls="jump-to-results"
          aria-label="Search or jump to…"
          data-jump-to-suggestions-path="/_graphql/GetSuggestedNavigationDestinations"
          spellcheck="false"
          autocomplete="off"
          >
          <input type="hidden" value="JLbYZocuATiIWE6jd3OBB1J5EmA4NzOlTee3Gc5UcM55R+ILGzEyu2hXGrC+/GEHaQ2by4zkbA8j8gkd6ZhKmw==" data-csrf="true" class="js-data-jump-to-suggestions-path-csrf" />
          <input type="hidden" class="js-site-search-type-field" name="type" >
            <img src="https://github.githubassets.com/images/search-key-slash.svg" alt="" class="mr-2 header-search-key-slash">

            <div class="Box position-absolute overflow-hidden d-none jump-to-suggestions js-jump-to-suggestions-container">
              
<ul class="d-none js-jump-to-suggestions-template-container">
  

<li class="d-flex flex-justify-start flex-items-center p-0 f5 navigation-item js-navigation-item js-jump-to-suggestion" role="option">
  <a tabindex="-1" class="no-underline d-flex flex-auto flex-items-center jump-to-suggestions-path js-jump-to-suggestion-path js-navigation-open p-2" href="" data-item-type="suggestion">
    <div class="jump-to-octicon js-jump-to-octicon flex-shrink-0 mr-2 text-center d-none">
      <svg height="16" width="16" class="octicon octicon-repo flex-shrink-0 js-jump-to-octicon-repo d-none" title="Repository" aria-label="Repository" viewBox="0 0 16 16" version="1.1" role="img"><path fill-rule="evenodd" d="M2 2.5A2.5 2.5 0 014.5 0h8.75a.75.75 0 01.75.75v12.5a.75.75 0 01-.75.75h-2.5a.75.75 0 110-1.5h1.75v-2h-8a1 1 0 00-.714 1.7.75.75 0 01-1.072 1.05A2.495 2.495 0 012 11.5v-9zm10.5-1V9h-8c-.356 0-.694.074-1 .208V2.5a1 1 0 011-1h8zM5 12.25v3.25a.25.25 0 00.4.2l1.45-1.087a.25.25 0 01.3 0L8.6 15.7a.25.25 0 00.4-.2v-3.25a.25.25 0 00-.25-.25h-3.5a.25.25 0 00-.25.25z"></path></svg>
      <svg height="16" width="16" class="octicon octicon-project flex-shrink-0 js-jump-to-octicon-project d-none" title="Project" aria-label="Project" viewBox="0 0 16 16" version="1.1" role="img"><path fill-rule="evenodd" d="M1.75 0A1.75 1.75 0 000 1.75v12.5C0 15.216.784 16 1.75 16h12.5A1.75 1.75 0 0016 14.25V1.75A1.75 1.75 0 0014.25 0H1.75zM1.5 1.75a.25.25 0 01.25-.25h12.5a.25.25 0 01.25.25v12.5a.25.25 0 01-.25.25H1.75a.25.25 0 01-.25-.25V1.75zM11.75 3a.75.75 0 00-.75.75v7.5a.75.75 0 001.5 0v-7.5a.75.75 0 00-.75-.75zm-8.25.75a.75.75 0 011.5 0v5.5a.75.75 0 01-1.5 0v-5.5zM8 3a.75.75 0 00-.75.75v3.5a.75.75 0 001.5 0v-3.5A.75.75 0 008 3z"></path></svg>
      <svg height="16" width="16" class="octicon octicon-search flex-shrink-0 js-jump-to-octicon-search d-none" title="Search" aria-label="Search" viewBox="0 0 16 16" version="1.1" role="img"><path fill-rule="evenodd" d="M11.5 7a4.499 4.499 0 11-8.998 0A4.499 4.499 0 0111.5 7zm-.82 4.74a6 6 0 111.06-1.06l3.04 3.04a.75.75 0 11-1.06 1.06l-3.04-3.04z"></path></svg>
    </div>

    <img class="avatar mr-2 flex-shrink-0 js-jump-to-suggestion-avatar d-none" alt="" aria-label="Team" src="" width="28" height="28">

    <div class="jump-to-suggestion-name js-jump-to-suggestion-name flex-auto overflow-hidden text-left no-wrap css-truncate css-truncate-target">
    </div>

    <div class="border rounded-1 flex-shrink-0 bg-gray px-1 text-gray-light ml-1 f6 d-none js-jump-to-badge-search">
      <span class="js-jump-to-badge-search-text-default d-none" aria-label="in this repository">
        In this repository
      </span>
      <span class="js-jump-to-badge-search-text-global d-none" aria-label="in all of GitHub">
        All GitHub
      </span>
      <span aria-hidden="true" class="d-inline-block ml-1 v-align-middle">↵</span>
    </div>

    <div aria-hidden="true" class="border rounded-1 flex-shrink-0 bg-gray px-1 text-gray-light ml-1 f6 d-none d-on-nav-focus js-jump-to-badge-jump">
      Jump to
      <span class="d-inline-block ml-1 v-align-middle">↵</span>
    </div>
  </a>
</li>

</ul>

<ul class="d-none js-jump-to-no-results-template-container">
  <li class="d-flex flex-justify-center flex-items-center f5 d-none js-jump-to-suggestion p-2">
    <span class="text-gray">No suggested jump to results</span>
  </li>
</ul>

<ul id="jump-to-results" role="listbox" class="p-0 m-0 js-navigation-container jump-to-suggestions-results-container js-jump-to-suggestions-results-container">
  

<li class="d-flex flex-justify-start flex-items-center p-0 f5 navigation-item js-navigation-item js-jump-to-scoped-search d-none" role="option">
  <a tabindex="-1" class="no-underline d-flex flex-auto flex-items-center jump-to-suggestions-path js-jump-to-suggestion-path js-navigation-open p-2" href="" data-item-type="scoped_search">
    <div class="jump-to-octicon js-jump-to-octicon flex-shrink-0 mr-2 text-center d-none">
      <svg height="16" width="16" class="octicon octicon-repo flex-shrink-0 js-jump-to-octicon-repo d-none" title="Repository" aria-label="Repository" viewBox="0 0 16 16" version="1.1" role="img"><path fill-rule="evenodd" d="M2 2.5A2.5 2.5 0 014.5 0h8.75a.75.75 0 01.75.75v12.5a.75.75 0 01-.75.75h-2.5a.75.75 0 110-1.5h1.75v-2h-8a1 1 0 00-.714 1.7.75.75 0 01-1.072 1.05A2.495 2.495 0 012 11.5v-9zm10.5-1V9h-8c-.356 0-.694.074-1 .208V2.5a1 1 0 011-1h8zM5 12.25v3.25a.25.25 0 00.4.2l1.45-1.087a.25.25 0 01.3 0L8.6 15.7a.25.25 0 00.4-.2v-3.25a.25.25 0 00-.25-.25h-3.5a.25.25 0 00-.25.25z"></path></svg>
      <svg height="16" width="16" class="octicon octicon-project flex-shrink-0 js-jump-to-octicon-project d-none" title="Project" aria-label="Project" viewBox="0 0 16 16" version="1.1" role="img"><path fill-rule="evenodd" d="M1.75 0A1.75 1.75 0 000 1.75v12.5C0 15.216.784 16 1.75 16h12.5A1.75 1.75 0 0016 14.25V1.75A1.75 1.75 0 0014.25 0H1.75zM1.5 1.75a.25.25 0 01.25-.25h12.5a.25.25 0 01.25.25v12.5a.25.25 0 01-.25.25H1.75a.25.25 0 01-.25-.25V1.75zM11.75 3a.75.75 0 00-.75.75v7.5a.75.75 0 001.5 0v-7.5a.75.75 0 00-.75-.75zm-8.25.75a.75.75 0 011.5 0v5.5a.75.75 0 01-1.5 0v-5.5zM8 3a.75.75 0 00-.75.75v3.5a.75.75 0 001.5 0v-3.5A.75.75 0 008 3z"></path></svg>
      <svg height="16" width="16" class="octicon octicon-search flex-shrink-0 js-jump-to-octicon-search d-none" title="Search" aria-label="Search" viewBox="0 0 16 16" version="1.1" role="img"><path fill-rule="evenodd" d="M11.5 7a4.499 4.499 0 11-8.998 0A4.499 4.499 0 0111.5 7zm-.82 4.74a6 6 0 111.06-1.06l3.04 3.04a.75.75 0 11-1.06 1.06l-3.04-3.04z"></path></svg>
    </div>

    <img class="avatar mr-2 flex-shrink-0 js-jump-to-suggestion-avatar d-none" alt="" aria-label="Team" src="" width="28" height="28">

    <div class="jump-to-suggestion-name js-jump-to-suggestion-name flex-auto overflow-hidden text-left no-wrap css-truncate css-truncate-target">
    </div>

    <div class="border rounded-1 flex-shrink-0 bg-gray px-1 text-gray-light ml-1 f6 d-none js-jump-to-badge-search">
      <span class="js-jump-to-badge-search-text-default d-none" aria-label="in this repository">
        In this repository
      </span>
      <span class="js-jump-to-badge-search-text-global d-none" aria-label="in all of GitHub">
        All GitHub
      </span>
      <span aria-hidden="true" class="d-inline-block ml-1 v-align-middle">↵</span>
    </div>

    <div aria-hidden="true" class="border rounded-1 flex-shrink-0 bg-gray px-1 text-gray-light ml-1 f6 d-none d-on-nav-focus js-jump-to-badge-jump">
      Jump to
      <span class="d-inline-block ml-1 v-align-middle">↵</span>
    </div>
  </a>
</li>

    

<li class="d-flex flex-justify-start flex-items-center p-0 f5 navigation-item js-navigation-item js-jump-to-owner-scoped-search d-none" role="option">
  <a tabindex="-1" class="no-underline d-flex flex-auto flex-items-center jump-to-suggestions-path js-jump-to-suggestion-path js-navigation-open p-2" href="" data-item-type="owner_scoped_search">
    <div class="jump-to-octicon js-jump-to-octicon flex-shrink-0 mr-2 text-center d-none">
      <svg height="16" width="16" class="octicon octicon-repo flex-shrink-0 js-jump-to-octicon-repo d-none" title="Repository" aria-label="Repository" viewBox="0 0 16 16" version="1.1" role="img"><path fill-rule="evenodd" d="M2 2.5A2.5 2.5 0 014.5 0h8.75a.75.75 0 01.75.75v12.5a.75.75 0 01-.75.75h-2.5a.75.75 0 110-1.5h1.75v-2h-8a1 1 0 00-.714 1.7.75.75 0 01-1.072 1.05A2.495 2.495 0 012 11.5v-9zm10.5-1V9h-8c-.356 0-.694.074-1 .208V2.5a1 1 0 011-1h8zM5 12.25v3.25a.25.25 0 00.4.2l1.45-1.087a.25.25 0 01.3 0L8.6 15.7a.25.25 0 00.4-.2v-3.25a.25.25 0 00-.25-.25h-3.5a.25.25 0 00-.25.25z"></path></svg>
      <svg height="16" width="16" class="octicon octicon-project flex-shrink-0 js-jump-to-octicon-project d-none" title="Project" aria-label="Project" viewBox="0 0 16 16" version="1.1" role="img"><path fill-rule="evenodd" d="M1.75 0A1.75 1.75 0 000 1.75v12.5C0 15.216.784 16 1.75 16h12.5A1.75 1.75 0 0016 14.25V1.75A1.75 1.75 0 0014.25 0H1.75zM1.5 1.75a.25.25 0 01.25-.25h12.5a.25.25 0 01.25.25v12.5a.25.25 0 01-.25.25H1.75a.25.25 0 01-.25-.25V1.75zM11.75 3a.75.75 0 00-.75.75v7.5a.75.75 0 001.5 0v-7.5a.75.75 0 00-.75-.75zm-8.25.75a.75.75 0 011.5 0v5.5a.75.75 0 01-1.5 0v-5.5zM8 3a.75.75 0 00-.75.75v3.5a.75.75 0 001.5 0v-3.5A.75.75 0 008 3z"></path></svg>
      <svg height="16" width="16" class="octicon octicon-search flex-shrink-0 js-jump-to-octicon-search d-none" title="Search" aria-label="Search" viewBox="0 0 16 16" version="1.1" role="img"><path fill-rule="evenodd" d="M11.5 7a4.499 4.499 0 11-8.998 0A4.499 4.499 0 0111.5 7zm-.82 4.74a6 6 0 111.06-1.06l3.04 3.04a.75.75 0 11-1.06 1.06l-3.04-3.04z"></path></svg>
    </div>

    <img class="avatar mr-2 flex-shrink-0 js-jump-to-suggestion-avatar d-none" alt="" aria-label="Team" src="" width="28" height="28">

    <div class="jump-to-suggestion-name js-jump-to-suggestion-name flex-auto overflow-hidden text-left no-wrap css-truncate css-truncate-target">
    </div>

    <div class="border rounded-1 flex-shrink-0 bg-gray px-1 text-gray-light ml-1 f6 d-none js-jump-to-badge-search">
      <span class="js-jump-to-badge-search-text-default d-none" aria-label="in this user">
        In this user
      </span>
      <span class="js-jump-to-badge-search-text-global d-none" aria-label="in all of GitHub">
        All GitHub
      </span>
      <span aria-hidden="true" class="d-inline-block ml-1 v-align-middle">↵</span>
    </div>

    <div aria-hidden="true" class="border rounded-1 flex-shrink-0 bg-gray px-1 text-gray-light ml-1 f6 d-none d-on-nav-focus js-jump-to-badge-jump">
      Jump to
      <span class="d-inline-block ml-1 v-align-middle">↵</span>
    </div>
  </a>
</li>

  

<li class="d-flex flex-justify-start flex-items-center p-0 f5 navigation-item js-navigation-item js-jump-to-global-search d-none" role="option">
  <a tabindex="-1" class="no-underline d-flex flex-auto flex-items-center jump-to-suggestions-path js-jump-to-suggestion-path js-navigation-open p-2" href="" data-item-type="global_search">
    <div class="jump-to-octicon js-jump-to-octicon flex-shrink-0 mr-2 text-center d-none">
      <svg height="16" width="16" class="octicon octicon-repo flex-shrink-0 js-jump-to-octicon-repo d-none" title="Repository" aria-label="Repository" viewBox="0 0 16 16" version="1.1" role="img"><path fill-rule="evenodd" d="M2 2.5A2.5 2.5 0 014.5 0h8.75a.75.75 0 01.75.75v12.5a.75.75 0 01-.75.75h-2.5a.75.75 0 110-1.5h1.75v-2h-8a1 1 0 00-.714 1.7.75.75 0 01-1.072 1.05A2.495 2.495 0 012 11.5v-9zm10.5-1V9h-8c-.356 0-.694.074-1 .208V2.5a1 1 0 011-1h8zM5 12.25v3.25a.25.25 0 00.4.2l1.45-1.087a.25.25 0 01.3 0L8.6 15.7a.25.25 0 00.4-.2v-3.25a.25.25 0 00-.25-.25h-3.5a.25.25 0 00-.25.25z"></path></svg>
      <svg height="16" width="16" class="octicon octicon-project flex-shrink-0 js-jump-to-octicon-project d-none" title="Project" aria-label="Project" viewBox="0 0 16 16" version="1.1" role="img"><path fill-rule="evenodd" d="M1.75 0A1.75 1.75 0 000 1.75v12.5C0 15.216.784 16 1.75 16h12.5A1.75 1.75 0 0016 14.25V1.75A1.75 1.75 0 0014.25 0H1.75zM1.5 1.75a.25.25 0 01.25-.25h12.5a.25.25 0 01.25.25v12.5a.25.25 0 01-.25.25H1.75a.25.25 0 01-.25-.25V1.75zM11.75 3a.75.75 0 00-.75.75v7.5a.75.75 0 001.5 0v-7.5a.75.75 0 00-.75-.75zm-8.25.75a.75.75 0 011.5 0v5.5a.75.75 0 01-1.5 0v-5.5zM8 3a.75.75 0 00-.75.75v3.5a.75.75 0 001.5 0v-3.5A.75.75 0 008 3z"></path></svg>
      <svg height="16" width="16" class="octicon octicon-search flex-shrink-0 js-jump-to-octicon-search d-none" title="Search" aria-label="Search" viewBox="0 0 16 16" version="1.1" role="img"><path fill-rule="evenodd" d="M11.5 7a4.499 4.499 0 11-8.998 0A4.499 4.499 0 0111.5 7zm-.82 4.74a6 6 0 111.06-1.06l3.04 3.04a.75.75 0 11-1.06 1.06l-3.04-3.04z"></path></svg>
    </div>

    <img class="avatar mr-2 flex-shrink-0 js-jump-to-suggestion-avatar d-none" alt="" aria-label="Team" src="" width="28" height="28">

    <div class="jump-to-suggestion-name js-jump-to-suggestion-name flex-auto overflow-hidden text-left no-wrap css-truncate css-truncate-target">
    </div>

    <div class="border rounded-1 flex-shrink-0 bg-gray px-1 text-gray-light ml-1 f6 d-none js-jump-to-badge-search">
      <span class="js-jump-to-badge-search-text-default d-none" aria-label="in this repository">
        In this repository
      </span>
      <span class="js-jump-to-badge-search-text-global d-none" aria-label="in all of GitHub">
        All GitHub
      </span>
      <span aria-hidden="true" class="d-inline-block ml-1 v-align-middle">↵</span>
    </div>

    <div aria-hidden="true" class="border rounded-1 flex-shrink-0 bg-gray px-1 text-gray-light ml-1 f6 d-none d-on-nav-focus js-jump-to-badge-jump">
      Jump to
      <span class="d-inline-block ml-1 v-align-middle">↵</span>
    </div>
  </a>
</li>


    <li class="d-flex flex-justify-center flex-items-center p-0 f5 js-jump-to-suggestion">
      <svg viewBox="0 0 16 16" fill="none" style="box-sizing: content-box; color: var(--color-icon-primary);" class="m-3" width="32" height="32">
  <circle cx="8" cy="8" r="7" stroke="currentColor" stroke-opacity="0.25" stroke-width="2" vector-effect="non-scaling-stroke" />
  <path d="M15 8a7.002 7.002 0 00-7-7" stroke="currentColor" stroke-width="2" stroke-linecap="round" vector-effect="non-scaling-stroke">
    <animateTransform attributeName="transform" type="rotate" from="0 8 8" to="360 8 8" dur="1s" repeatCount="indefinite" />
  </path>
</svg>
    </li>
</ul>

            </div>
      </label>
</form>  </div>
</div>

        <nav class="d-flex flex-column flex-md-row flex-self-stretch flex-md-self-auto" aria-label="Global">
      <a class="Header-link py-md-3 d-block d-md-none py-2 border-top border-md-top-0 border-white-fade-15" data-ga-click="Header, click, Nav menu - item:dashboard:user" aria-label="Dashboard" href="/dashboard">
        Dashboard
</a>
    <a class="js-selected-navigation-item Header-link mt-md-n3 mb-md-n3 py-2 py-md-3 mr-0 mr-md-3 border-top border-md-top-0 border-white-fade-15" data-hotkey="g p" data-ga-click="Header, click, Nav menu - item:pulls context:user" aria-label="Pull requests you created" data-selected-links="/pulls /pulls/assigned /pulls/mentioned /pulls" href="/pulls">
        Pull<span class="d-inline d-md-none d-lg-inline"> request</span>s
</a>
    <a class="js-selected-navigation-item Header-link mt-md-n3 mb-md-n3 py-2 py-md-3 mr-0 mr-md-3 border-top border-md-top-0 border-white-fade-15" data-hotkey="g i" data-ga-click="Header, click, Nav menu - item:issues context:user" aria-label="Issues you created" data-selected-links="/issues /issues/assigned /issues/mentioned /issues" href="/issues">
      Issues
</a>

      <div class="d-flex position-relative">
        <a class="js-selected-navigation-item Header-link flex-auto mt-md-n3 mb-md-n3 py-2 py-md-3 mr-0 mr-md-3 border-top border-md-top-0 border-white-fade-15" data-ga-click="Header, click, Nav menu - item:marketplace context:user" data-octo-click="marketplace_click" data-octo-dimensions="location:nav_bar" data-selected-links=" /marketplace" href="/marketplace">
          Marketplace
</a>        

      </div>

    <a class="js-selected-navigation-item Header-link mt-md-n3 mb-md-n3 py-2 py-md-3 mr-0 mr-md-3 border-top border-md-top-0 border-white-fade-15" data-ga-click="Header, click, Nav menu - item:explore" data-selected-links="/explore /trending /trending/developers /integrations /integrations/feature/code /integrations/feature/collaborate /integrations/feature/ship showcases showcases_search showcases_landing /explore" href="/explore">
      Explore
</a>


    <a class="Header-link d-block d-md-none mr-0 mr-md-3 py-2 py-md-3 border-top border-md-top-0 border-white-fade-15" href="/settings/profile">
      Settings
</a>
    <a class="Header-link d-block d-md-none mr-0 mr-md-3 py-2 py-md-3 border-top border-md-top-0 border-white-fade-15" href="/oliva-uniss">
      <img class="avatar avatar-user" src="https://avatars3.githubusercontent.com/u/75328593?s=40&amp;v=4" width="20" height="20" alt="@oliva-uniss" />
      oliva-uniss
</a>
    <!-- '"` --><!-- </textarea></xmp> --></option></form><form action="/logout" accept-charset="UTF-8" method="post"><input type="hidden" name="authenticity_token" value="4Cq4a23AMZJl3TTtppSOc4UgxnuSBRX4d3TV86d+DC2KGPLYGq33S2oSrz4vkMHrpjYxKgssRt+FlrMXXUmY6Q==" />
      <button type="submit" class="Header-link mr-0 mr-md-3 py-2 py-md-3 border-top border-md-top-0 border-white-fade-15 d-md-none btn-link d-block width-full text-left" data-ga-click="Header, sign out, icon:logout" style="padding-left: 2px;">
        <svg class="octicon octicon-sign-out v-align-middle" viewBox="0 0 16 16" version="1.1" width="16" height="16" aria-hidden="true"><path fill-rule="evenodd" d="M2 2.75C2 1.784 2.784 1 3.75 1h2.5a.75.75 0 010 1.5h-2.5a.25.25 0 00-.25.25v10.5c0 .138.112.25.25.25h2.5a.75.75 0 010 1.5h-2.5A1.75 1.75 0 012 13.25V2.75zm10.44 4.5H6.75a.75.75 0 000 1.5h5.69l-1.97 1.97a.75.75 0 101.06 1.06l3.25-3.25a.75.75 0 000-1.06l-3.25-3.25a.75.75 0 10-1.06 1.06l1.97 1.97z"></path></svg>
        Sign out
      </button>
</form></nav>

    </div>

    <div class="Header-item Header-item--full flex-justify-center d-md-none position-relative">
        <a class="Header-link " href="https://github.com/" data-hotkey="g d"
  aria-label="Homepage " data-ga-click="Header, go to dashboard, icon:logo">
  <svg class="octicon octicon-mark-github v-align-middle" height="32" viewBox="0 0 16 16" version="1.1" width="32" aria-hidden="true"><path fill-rule="evenodd" d="M8 0C3.58 0 0 3.58 0 8c0 3.54 2.29 6.53 5.47 7.59.4.07.55-.17.55-.38 0-.19-.01-.82-.01-1.49-2.01.37-2.53-.49-2.69-.94-.09-.23-.48-.94-.82-1.13-.28-.15-.68-.52-.01-.53.63-.01 1.08.58 1.23.82.72 1.21 1.87.87 2.33.66.07-.52.28-.87.51-1.07-1.78-.2-3.64-.89-3.64-3.95 0-.87.31-1.59.82-2.15-.08-.2-.36-1.02.08-2.12 0 0 .67-.21 2.2.82.64-.18 1.32-.27 2-.27.68 0 1.36.09 2 .27 1.53-1.04 2.2-.82 2.2-.82.44 1.1.16 1.92.08 2.12.51.56.82 1.27.82 2.15 0 3.07-1.87 3.75-3.65 3.95.29.25.54.73.54 1.48 0 1.07-.01 1.93-.01 2.2 0 .21.15.46.55.38A8.013 8.013 0 0016 8c0-4.42-3.58-8-8-8z"></path></svg>
</a>

    </div>

    <div class="Header-item mr-0 mr-md-3 flex-order-1 flex-md-order-none">
        

    <notification-indicator class="js-socket-channel" data-channel="eyJjIjoibm90aWZpY2F0aW9uLWNoYW5nZWQ6NzUzMjg1OTMiLCJ0IjoxNjA5NjAxMjgwfQ==--53fee4452d47168d543cc345c005a4aeab5ff452410e36331f4dde3a1d763f69">
      <a href="/notifications"
         class="Header-link notification-indicator position-relative tooltipped tooltipped-sw"
         
         aria-label="You have no unread notifications"
         data-hotkey="g n"
         data-ga-click="Header, go to notifications, icon:read"
         data-target="notification-indicator.link">
         <span class="mail-status  " data-target="notification-indicator.modifier"></span>
         <svg class="octicon octicon-bell" viewBox="0 0 16 16" version="1.1" width="16" height="16" aria-hidden="true"><path d="M8 16a2 2 0 001.985-1.75c.017-.137-.097-.25-.235-.25h-3.5c-.138 0-.252.113-.235.25A2 2 0 008 16z"></path><path fill-rule="evenodd" d="M8 1.5A3.5 3.5 0 004.5 5v2.947c0 .346-.102.683-.294.97l-1.703 2.556a.018.018 0 00-.003.01l.001.006c0 .002.002.004.004.006a.017.017 0 00.006.004l.007.001h10.964l.007-.001a.016.016 0 00.006-.004.016.016 0 00.004-.006l.001-.007a.017.017 0 00-.003-.01l-1.703-2.554a1.75 1.75 0 01-.294-.97V5A3.5 3.5 0 008 1.5zM3 5a5 5 0 0110 0v2.947c0 .05.015.098.042.139l1.703 2.555A1.518 1.518 0 0113.482 13H2.518a1.518 1.518 0 01-1.263-2.36l1.703-2.554A.25.25 0 003 7.947V5z"></path></svg>
      </a>
    </notification-indicator>

    </div>


    <div class="Header-item position-relative d-none d-md-flex">
        <details class="details-overlay details-reset">
  <summary class="Header-link"
      aria-label="Create new…"
      data-ga-click="Header, create new, icon:add">
      <svg class="octicon octicon-plus" viewBox="0 0 16 16" version="1.1" width="16" height="16" aria-hidden="true"><path fill-rule="evenodd" d="M7.75 2a.75.75 0 01.75.75V7h4.25a.75.75 0 110 1.5H8.5v4.25a.75.75 0 11-1.5 0V8.5H2.75a.75.75 0 010-1.5H7V2.75A.75.75 0 017.75 2z"></path></svg> <span class="dropdown-caret"></span>
  </summary>
  <details-menu class="dropdown-menu dropdown-menu-sw">
    
<a role="menuitem" class="dropdown-item" href="/new" data-ga-click="Header, create new repository">
  New repository
</a>

  <a role="menuitem" class="dropdown-item" href="/new/import" data-ga-click="Header, import a repository">
    Import repository
  </a>

<a role="menuitem" class="dropdown-item" href="https://gist.github.com/" data-ga-click="Header, create new gist">
  New gist
</a>

  <a role="menuitem" class="dropdown-item" href="/organizations/new" data-ga-click="Header, create new organization">
    New organization
  </a>


  <div role="none" class="dropdown-divider"></div>
  <div class="dropdown-header">
    <span title="retico/cmepda_medphys">This repository</span>
  </div>
    <a role="menuitem" class="dropdown-item" href="/retico/cmepda_medphys/issues/new/choose" data-ga-click="Header, create new issue" data-skip-pjax>
      New issue
    </a>


  </details-menu>
</details>

    </div>

    <div class="Header-item position-relative mr-0 d-none d-md-flex">
        
  <details class="details-overlay details-reset js-feature-preview-indicator-container" data-feature-preview-indicator-src="/users/oliva-uniss/feature_preview/indicator_check">

  <summary class="Header-link"
    aria-label="View profile and more"
    data-ga-click="Header, show menu, icon:avatar">
    <img
  alt="@oliva-uniss"
  width="20"
  height="20"
  src="https://avatars0.githubusercontent.com/u/75328593?s=60&amp;v=4"
  class="avatar avatar-user " />

      <span class="feature-preview-indicator js-feature-preview-indicator" style="top: 1px;" hidden></span>
    <span class="dropdown-caret"></span>
  </summary>
  <details-menu class="dropdown-menu dropdown-menu-sw" style="width: 180px" 
      src="/users/75328593/menu" preload>
      <include-fragment>
        <p class="text-center mt-3" data-hide-on-error>
          <svg viewBox="0 0 16 16" fill="none" style="box-sizing: content-box; color: var(--color-icon-primary);" width="32" height="32">
  <circle cx="8" cy="8" r="7" stroke="currentColor" stroke-opacity="0.25" stroke-width="2" vector-effect="non-scaling-stroke" />
  <path d="M15 8a7.002 7.002 0 00-7-7" stroke="currentColor" stroke-width="2" stroke-linecap="round" vector-effect="non-scaling-stroke">
    <animateTransform attributeName="transform" type="rotate" from="0 8 8" to="360 8 8" dur="1s" repeatCount="indefinite" />
  </path>
</svg>
        </p>
        <p class="ml-1 mb-2 mt-2 text-gray-dark" data-show-on-error>
          <svg class="octicon octicon-alert" viewBox="0 0 16 16" version="1.1" width="16" height="16" aria-hidden="true"><path fill-rule="evenodd" d="M8.22 1.754a.25.25 0 00-.44 0L1.698 13.132a.25.25 0 00.22.368h12.164a.25.25 0 00.22-.368L8.22 1.754zm-1.763-.707c.659-1.234 2.427-1.234 3.086 0l6.082 11.378A1.75 1.75 0 0114.082 15H1.918a1.75 1.75 0 01-1.543-2.575L6.457 1.047zM9 11a1 1 0 11-2 0 1 1 0 012 0zm-.25-5.25a.75.75 0 00-1.5 0v2.5a.75.75 0 001.5 0v-2.5z"></path></svg>
          Sorry, something went wrong.
        </p>
      </include-fragment>
  </details-menu>
</details>

    </div>
</header>

              
    </div>

  <div id="start-of-content" class="show-on-focus"></div>





    <div data-pjax-replace id="js-flash-container">


  <template class="js-flash-template">
    <div class="flash flash-full  {{ className }}">
  <div class=" px-2" >
    <button class="flash-close js-flash-close" type="button" aria-label="Dismiss this message">
      <svg class="octicon octicon-x" viewBox="0 0 16 16" version="1.1" width="16" height="16" aria-hidden="true"><path fill-rule="evenodd" d="M3.72 3.72a.75.75 0 011.06 0L8 6.94l3.22-3.22a.75.75 0 111.06 1.06L9.06 8l3.22 3.22a.75.75 0 11-1.06 1.06L8 9.06l-3.22 3.22a.75.75 0 01-1.06-1.06L6.94 8 3.72 4.78a.75.75 0 010-1.06z"></path></svg>
    </button>
    
      <div>{{ message }}</div>

  </div>
</div>
  </template>
</div>


    

  <include-fragment class="js-notification-shelf-include-fragment" data-base-src="https://github.com/notifications/beta/shelf"></include-fragment>




  <div
    class="application-main "
    data-commit-hovercards-enabled
    data-discussion-hovercards-enabled
    data-issue-and-pr-hovercards-enabled
  >
        <div itemscope itemtype="http://schema.org/SoftwareSourceCode" class="">
    <main id="js-repo-pjax-container" data-pjax-container >
      

    

        <div class="border-bottom shelf intro-shelf js-notice mb-0 pb-4">
  <div class="width-full container">
    <div class="width-full mx-auto shelf-content">
      <h2 class="shelf-title">Learn Git and GitHub without any code!</h2>
      <p class="shelf-lead">
          Using the Hello World guide, you’ll start a branch, write comments, and open a pull request.
      </p>
      <a class="btn btn-primary shelf-cta" target="_blank" data-hydro-click="{&quot;event_type&quot;:&quot;repository.click&quot;,&quot;payload&quot;:{&quot;target&quot;:&quot;READ_GUIDE&quot;,&quot;repository_id&quot;:223180914,&quot;originating_url&quot;:&quot;https://github.com/retico/cmepda_medphys/blob/master/L8_code/FS_features_ABIDE_males_someGlobals.csv&quot;,&quot;user_id&quot;:75328593}}" data-hydro-click-hmac="7c491608e08e0f87f3463b7abe8e1e8415b5c0f11a269cc36af4fbf4515e4171" href="https://guides.github.com/activities/hello-world/">Read the guide</a>
    </div>
    <!-- '"` --><!-- </textarea></xmp> --></option></form><form class="shelf-dismiss js-notice-dismiss" action="/dashboard/dismiss_bootcamp" accept-charset="UTF-8" method="post"><input type="hidden" name="_method" value="delete" /><input type="hidden" name="authenticity_token" value="jdSd2EC6G0pcx3RwQkOhEGanOhVJfp664eAViKFZOEIKFBK1+3i07L8K9OHDYZgrV2wYEbwxVGOrACTc7bXJWA==" />
      <button name="button" type="submit" class="mr-1 close-button tooltipped tooltipped-w" aria-label="Hide this notice forever" data-hydro-click="{&quot;event_type&quot;:&quot;repository.click&quot;,&quot;payload&quot;:{&quot;target&quot;:&quot;DISMISS_BANNER&quot;,&quot;repository_id&quot;:223180914,&quot;originating_url&quot;:&quot;https://github.com/retico/cmepda_medphys/blob/master/L8_code/FS_features_ABIDE_males_someGlobals.csv&quot;,&quot;user_id&quot;:75328593}}" data-hydro-click-hmac="ecea34971ded610ad0b595636090f4fe9bd3e8760d87a6cfcd66099aa4eb67d5">
        <svg aria-label="Hide this notice forever" class="octicon octicon-x v-align-text-top" viewBox="0 0 16 16" version="1.1" width="16" height="16" role="img"><path fill-rule="evenodd" d="M3.72 3.72a.75.75 0 011.06 0L8 6.94l3.22-3.22a.75.75 0 111.06 1.06L9.06 8l3.22 3.22a.75.75 0 11-1.06 1.06L8 9.06l-3.22 3.22a.75.75 0 01-1.06-1.06L6.94 8 3.72 4.78a.75.75 0 010-1.06z"></path></svg>
</button></form>  </div>
</div>






  


  <div class="bg-gray-light pt-3 hide-full-screen mb-5">

      <div class="d-flex mb-3 px-3 px-md-4 px-lg-5">

        <div class="flex-auto min-width-0 width-fit mr-3">
            <h1 class=" d-flex flex-wrap flex-items-center break-word f3 text-normal">
    <svg class="octicon octicon-repo text-gray mr-2" viewBox="0 0 16 16" version="1.1" width="16" height="16" aria-hidden="true"><path fill-rule="evenodd" d="M2 2.5A2.5 2.5 0 014.5 0h8.75a.75.75 0 01.75.75v12.5a.75.75 0 01-.75.75h-2.5a.75.75 0 110-1.5h1.75v-2h-8a1 1 0 00-.714 1.7.75.75 0 01-1.072 1.05A2.495 2.495 0 012 11.5v-9zm10.5-1V9h-8c-.356 0-.694.074-1 .208V2.5a1 1 0 011-1h8zM5 12.25v3.25a.25.25 0 00.4.2l1.45-1.087a.25.25 0 01.3 0L8.6 15.7a.25.25 0 00.4-.2v-3.25a.25.25 0 00-.25-.25h-3.5a.25.25 0 00-.25.25z"></path></svg>
    <span class="author flex-self-stretch" itemprop="author">
      <a class="url fn" rel="author" data-hovercard-type="user" data-hovercard-url="/users/retico/hovercard" data-octo-click="hovercard-link-click" data-octo-dimensions="link_type:self" href="/retico">retico</a>
    </span>
    <span class="mx-1 flex-self-stretch color-text-secondary">/</span>
  <strong itemprop="name" class="mr-2 flex-self-stretch">
    <a data-pjax="#js-repo-pjax-container" class="" href="/retico/cmepda_medphys">cmepda_medphys</a>
  </strong>
  
</h1>


        </div>

          <ul class="pagehead-actions flex-shrink-0 d-none d-md-inline" style="padding: 2px 0;">

  <li>
          <notifications-list-subscription-form class="f5 position-relative d-flex">
      <details
        class="details-reset details-overlay f5 position-relative"
        data-target="notifications-list-subscription-form.details"
        data-action="toggle:notifications-list-subscription-form#detailsToggled"
      >

      <summary class="btn btn-sm rounded-right-0" data-hydro-click="{&quot;event_type&quot;:&quot;repository.click&quot;,&quot;payload&quot;:{&quot;target&quot;:&quot;WATCH_BUTTON&quot;,&quot;repository_id&quot;:223180914,&quot;originating_url&quot;:&quot;https://github.com/retico/cmepda_medphys/blob/master/L8_code/FS_features_ABIDE_males_someGlobals.csv&quot;,&quot;user_id&quot;:75328593}}" data-hydro-click-hmac="2fcf315f88a3f9d27d9bb8b4a11d5a1e4523d48f208218ef1c8c6cff0eda8afe" data-ga-click="Repository, click Watch settings, action:blob#show" aria-label="Notifications settings">
          <span data-menu-button>
            <span
              hidden
              
              data-target="notifications-list-subscription-form.unwatchButtonCopy"
            >
              <svg class="octicon octicon-eye" height="16" viewBox="0 0 16 16" version="1.1" width="16" aria-hidden="true"><path fill-rule="evenodd" d="M1.679 7.932c.412-.621 1.242-1.75 2.366-2.717C5.175 4.242 6.527 3.5 8 3.5c1.473 0 2.824.742 3.955 1.715 1.124.967 1.954 2.096 2.366 2.717a.119.119 0 010 .136c-.412.621-1.242 1.75-2.366 2.717C10.825 11.758 9.473 12.5 8 12.5c-1.473 0-2.824-.742-3.955-1.715C2.92 9.818 2.09 8.69 1.679 8.068a.119.119 0 010-.136zM8 2c-1.981 0-3.67.992-4.933 2.078C1.797 5.169.88 6.423.43 7.1a1.619 1.619 0 000 1.798c.45.678 1.367 1.932 2.637 3.024C4.329 13.008 6.019 14 8 14c1.981 0 3.67-.992 4.933-2.078 1.27-1.091 2.187-2.345 2.637-3.023a1.619 1.619 0 000-1.798c-.45-.678-1.367-1.932-2.637-3.023C11.671 2.992 9.981 2 8 2zm0 8a2 2 0 100-4 2 2 0 000 4z"></path></svg>
              Unwatch
            </span>
            <span
              hidden
              
              data-target="notifications-list-subscription-form.stopIgnoringButtonCopy"
            >
              <svg class="octicon octicon-bell-slash" height="16" viewBox="0 0 16 16" version="1.1" width="16" aria-hidden="true"><path fill-rule="evenodd" d="M8 1.5c-.997 0-1.895.416-2.534 1.086A.75.75 0 014.38 1.55 5 5 0 0113 5v2.373a.75.75 0 01-1.5 0V5A3.5 3.5 0 008 1.5zM4.182 4.31L1.19 2.143a.75.75 0 10-.88 1.214L3 5.305v2.642a.25.25 0 01-.042.139L1.255 10.64A1.518 1.518 0 002.518 13h11.108l1.184.857a.75.75 0 10.88-1.214l-1.375-.996a1.196 1.196 0 00-.013-.01L4.198 4.321a.733.733 0 00-.016-.011zm7.373 7.19L4.5 6.391v1.556c0 .346-.102.683-.294.97l-1.703 2.556a.018.018 0 00-.003.01.015.015 0 00.005.012.017.017 0 00.006.004l.007.001h9.037zM8 16a2 2 0 001.985-1.75c.017-.137-.097-.25-.235-.25h-3.5c-.138 0-.252.113-.235.25A2 2 0 008 16z"></path></svg>
              Stop ignoring
            </span>
            <span
              
              
              data-target="notifications-list-subscription-form.watchButtonCopy"
            >
              <svg class="octicon octicon-eye" height="16" viewBox="0 0 16 16" version="1.1" width="16" aria-hidden="true"><path fill-rule="evenodd" d="M1.679 7.932c.412-.621 1.242-1.75 2.366-2.717C5.175 4.242 6.527 3.5 8 3.5c1.473 0 2.824.742 3.955 1.715 1.124.967 1.954 2.096 2.366 2.717a.119.119 0 010 .136c-.412.621-1.242 1.75-2.366 2.717C10.825 11.758 9.473 12.5 8 12.5c-1.473 0-2.824-.742-3.955-1.715C2.92 9.818 2.09 8.69 1.679 8.068a.119.119 0 010-.136zM8 2c-1.981 0-3.67.992-4.933 2.078C1.797 5.169.88 6.423.43 7.1a1.619 1.619 0 000 1.798c.45.678 1.367 1.932 2.637 3.024C4.329 13.008 6.019 14 8 14c1.981 0 3.67-.992 4.933-2.078 1.27-1.091 2.187-2.345 2.637-3.023a1.619 1.619 0 000-1.798c-.45-.678-1.367-1.932-2.637-3.023C11.671 2.992 9.981 2 8 2zm0 8a2 2 0 100-4 2 2 0 000 4z"></path></svg>
              Watch
            </span>
          </span>
          <span class="dropdown-caret"></span>
</summary>
        <details-menu
          class="SelectMenu  "
          role="menu"
          data-target="notifications-list-subscription-form.menu"
          
        >
          <div class="SelectMenu-modal notifications-component-menu-modal">
            <header class="SelectMenu-header">
              <h3 class="SelectMenu-title">Notifications</h3>
              <button class="SelectMenu-closeButton" type="button" aria-label="Close menu" data-action="click:notifications-list-subscription-form#closeMenu">
                <svg class="octicon octicon-x" viewBox="0 0 16 16" version="1.1" width="16" height="16" aria-hidden="true"><path fill-rule="evenodd" d="M3.72 3.72a.75.75 0 011.06 0L8 6.94l3.22-3.22a.75.75 0 111.06 1.06L9.06 8l3.22 3.22a.75.75 0 11-1.06 1.06L8 9.06l-3.22 3.22a.75.75 0 01-1.06-1.06L6.94 8 3.72 4.78a.75.75 0 010-1.06z"></path></svg>
              </button>
            </header>

            <div class="SelectMenu-list">
              <form data-target="notifications-list-subscription-form.form" data-action="submit:notifications-list-subscription-form#submitForm" action="/notifications/subscribe" accept-charset="UTF-8" method="post"><input type="hidden" name="authenticity_token" value="KBZR899HJNzn8b17ZlTgbUhsFWWmn2Xmey00A3KBdgydQusCnOMwraJeW/QH1NfpahUWLG7gTx5HT2Khho++Ig==" />

                <input type="hidden" name="repository_id" value="223180914">

                <button
                  type="submit"
                  name="do"
                  value="included"
                  class="SelectMenu-item flex-items-start"
                  role="menuitemradio"
                  aria-checked="true"
                  data-targets="notifications-list-subscription-form.subscriptionButtons"
                  
                >
                  <span class="f5">
                    <svg class="octicon octicon-check SelectMenu-icon SelectMenu-icon--check" height="16" viewBox="0 0 16 16" version="1.1" width="16" aria-hidden="true"><path fill-rule="evenodd" d="M13.78 4.22a.75.75 0 010 1.06l-7.25 7.25a.75.75 0 01-1.06 0L2.22 9.28a.75.75 0 011.06-1.06L6 10.94l6.72-6.72a.75.75 0 011.06 0z"></path></svg>
                  </span>
                  <div>
                    <div class="f5 text-bold">
                      Participating and @mentions
                    </div>
                    <div class="text-small text-gray text-normal pb-1">
                      Only receive notifications from this repository when participating or @mentioned.
                    </div>
                  </div>
                </button>

                <button
                  type="submit"
                  name="do"
                  value="subscribed"
                  class="SelectMenu-item flex-items-start"
                  role="menuitemradio"
                  aria-checked="false"
                  data-targets="notifications-list-subscription-form.subscriptionButtons"
                >
                  <span class="f5">
                    <svg class="octicon octicon-check SelectMenu-icon SelectMenu-icon--check" height="16" viewBox="0 0 16 16" version="1.1" width="16" aria-hidden="true"><path fill-rule="evenodd" d="M13.78 4.22a.75.75 0 010 1.06l-7.25 7.25a.75.75 0 01-1.06 0L2.22 9.28a.75.75 0 011.06-1.06L6 10.94l6.72-6.72a.75.75 0 011.06 0z"></path></svg>
                  </span>
                  <div>
                    <div class="f5 text-bold">
                      All Activity
                    </div>
                    <div class="text-small text-gray text-normal pb-1">
                      Notified of all notifications on this repository.
                    </div>
                  </div>
                </button>

                <button
                  type="submit"
                  name="do"
                  value="ignore"
                  class="SelectMenu-item flex-items-start"
                  role="menuitemradio"
                  aria-checked="false"
                  data-targets="notifications-list-subscription-form.subscriptionButtons"
                >
                  <span class="f5">
                    <svg class="octicon octicon-check SelectMenu-icon SelectMenu-icon--check" height="16" viewBox="0 0 16 16" version="1.1" width="16" aria-hidden="true"><path fill-rule="evenodd" d="M13.78 4.22a.75.75 0 010 1.06l-7.25 7.25a.75.75 0 01-1.06 0L2.22 9.28a.75.75 0 011.06-1.06L6 10.94l6.72-6.72a.75.75 0 011.06 0z"></path></svg>
                  </span>
                  <div>
                    <div class="f5 text-bold">
                      Ignore
                    </div>
                    <div class="text-small text-gray text-normal pb-1">
                      Never be notified.
                    </div>
                  </div>
                </button>
</form>
              <button
                class="SelectMenu-item flex-items-start pr-3"
                type="button"
                role="menuitemradio"
                data-target="notifications-list-subscription-form.customButton"
                data-action="click:notifications-list-subscription-form#openCustomDialog"
                aria-haspopup="true"
                aria-checked="false"
                
              >
                <span class="f5">
                  <svg class="octicon octicon-check SelectMenu-icon SelectMenu-icon--check" height="16" viewBox="0 0 16 16" version="1.1" width="16" aria-hidden="true"><path fill-rule="evenodd" d="M13.78 4.22a.75.75 0 010 1.06l-7.25 7.25a.75.75 0 01-1.06 0L2.22 9.28a.75.75 0 011.06-1.06L6 10.94l6.72-6.72a.75.75 0 011.06 0z"></path></svg>
                </span>
                <div>
                  <div class="d-flex flex-items-start flex-justify-between">
                    <div class="f5 text-bold">Custom</div>
                    <div class="f5 pr-1">
                      <svg class="octicon octicon-arrow-right" height="16" viewBox="0 0 16 16" version="1.1" width="16" aria-hidden="true"><path fill-rule="evenodd" d="M8.22 2.97a.75.75 0 011.06 0l4.25 4.25a.75.75 0 010 1.06l-4.25 4.25a.75.75 0 01-1.06-1.06l2.97-2.97H3.75a.75.75 0 010-1.5h7.44L8.22 4.03a.75.75 0 010-1.06z"></path></svg>
                    </div>
                  </div>
                  <div class="text-small text-gray text-normal pb-1">
                    Select events you want to be notified of in addition to participating and @mentions.
                  </div>
                </div>
              </button>
            </div>
          </div>
        </details-menu>

        <details-dialog class="notifications-component-dialog " data-target="notifications-list-subscription-form.customDialog" hidden>
          <div class="SelectMenu-modal notifications-component-dialog-modal overflow-visible">
            <form data-target="notifications-list-subscription-form.customform" data-action="submit:notifications-list-subscription-form#submitCustomForm" action="/notifications/subscribe" accept-charset="UTF-8" method="post"><input type="hidden" name="authenticity_token" value="ESXfu4uMWvCb5V42w2D9kTTAB2DKvDXrnHZquc5R93ikcWVKyChOgd5KuLmi4MoVFrkEKQLDHxOgFDwbOl8/Vg==" />

              <input type="hidden" name="repository_id" value="223180914">

              <header class="d-sm-none SelectMenu-header pb-0 border-bottom-0 px-2 px-sm-3">
                <h1 class="f3 SelectMenu-title d-inline-flex">
                  <button
                    class="bg-white border-0 px-2 py-0 m-0 link-gray f5"
                    aria-label="Return to menu"
                    type="button"
                    data-action="click:notifications-list-subscription-form#closeCustomDialog"
                  >
                    <svg style="" class="octicon octicon-arrow-left" height="16" viewBox="0 0 16 16" version="1.1" width="16" aria-hidden="true"><path fill-rule="evenodd" d="M7.78 12.53a.75.75 0 01-1.06 0L2.47 8.28a.75.75 0 010-1.06l4.25-4.25a.75.75 0 011.06 1.06L4.81 7h7.44a.75.75 0 010 1.5H4.81l2.97 2.97a.75.75 0 010 1.06z"></path></svg>
                  </button>
                  Custom
                </h3>
              </header>

              <header class="d-none d-sm-flex flex-items-start pt-1">
                <button
                  class="border-0 px-2 pt-1 m-0 link-gray f5"
                  style="background-color: transparent;"
                  aria-label="Return to menu"
                  type="button"
                  data-action="click:notifications-list-subscription-form#closeCustomDialog"
                >
                  <svg style="position: relative; left: 2px; top: 1px" class="octicon octicon-arrow-left" height="16" viewBox="0 0 16 16" version="1.1" width="16" aria-hidden="true"><path fill-rule="evenodd" d="M7.78 12.53a.75.75 0 01-1.06 0L2.47 8.28a.75.75 0 010-1.06l4.25-4.25a.75.75 0 011.06 1.06L4.81 7h7.44a.75.75 0 010 1.5H4.81l2.97 2.97a.75.75 0 010 1.06z"></path></svg>
                </button>

                <h1 class="pt-1 pr-4 pb-0 pl-0 f5 text-bold">
                  Custom
                </h1>
              </header>

              <fieldset>
                <legend>
                  <div class="text-small text-gray pt-0 pr-3 pb-3 pl-6 pl-sm-5 border-bottom mb-3">
                    Select events you want to be notified of in addition to participating and @mentions.
                  </div>
                </legend>
                  <div class="form-checkbox mr-3 ml-6 ml-sm-5 mb-2 mt-0">
                    <label class="f5 text-normal">
                      <input
                        type="checkbox"
                        name="thread_types[]"
                        value="Issue"
                        data-targets="notifications-list-subscription-form.threadTypeCheckboxes"
                        data-action="change:notifications-list-subscription-form#threadTypeCheckboxesUpdated"
                        
                      >
                      Issues
                    </label>

                  </div>
                  <div class="form-checkbox mr-3 ml-6 ml-sm-5 mb-2 mt-0">
                    <label class="f5 text-normal">
                      <input
                        type="checkbox"
                        name="thread_types[]"
                        value="PullRequest"
                        data-targets="notifications-list-subscription-form.threadTypeCheckboxes"
                        data-action="change:notifications-list-subscription-form#threadTypeCheckboxesUpdated"
                        
                      >
                      Pull requests
                    </label>

                  </div>
                  <div class="form-checkbox mr-3 ml-6 ml-sm-5 mb-2 mt-0">
                    <label class="f5 text-normal">
                      <input
                        type="checkbox"
                        name="thread_types[]"
                        value="Release"
                        data-targets="notifications-list-subscription-form.threadTypeCheckboxes"
                        data-action="change:notifications-list-subscription-form#threadTypeCheckboxesUpdated"
                        
                      >
                      Releases
                    </label>

                  </div>
                  <div class="form-checkbox mr-3 ml-6 ml-sm-5 mb-2 mt-0">
                    <label class="f5 text-normal">
                      <input
                        type="checkbox"
                        name="thread_types[]"
                        value="Discussion"
                        data-targets="notifications-list-subscription-form.threadTypeCheckboxes"
                        data-action="change:notifications-list-subscription-form#threadTypeCheckboxesUpdated"
                        
                      >
                      Discussions
                    </label>

                      <span
                        class="tooltipped tooltipped-nw mr-2 p-1 float-right"
                        
                        aria-label="Discussions are not enabled for this repo">
                        <svg style="fill: var(--color-icon-tertiary)" class="octicon octicon-info" viewBox="0 0 16 16" version="1.1" width="16" height="16" aria-hidden="true"><path fill-rule="evenodd" d="M8 1.5a6.5 6.5 0 100 13 6.5 6.5 0 000-13zM0 8a8 8 0 1116 0A8 8 0 010 8zm6.5-.25A.75.75 0 017.25 7h1a.75.75 0 01.75.75v2.75h.25a.75.75 0 010 1.5h-2a.75.75 0 010-1.5h.25v-2h-.25a.75.75 0 01-.75-.75zM8 6a1 1 0 100-2 1 1 0 000 2z"></path></svg>
                      </span>
                  </div>
              </fieldset>
              <div class="pt-2 pb-3 px-3 d-flex flex-justify-start flex-row-reverse">
                <button
                  type="submit"
                  name="do"
                  value="custom"
                  class="btn btn-sm btn-primary ml-2"
                  data-target="notifications-list-subscription-form.customSubmit"
                  disabled
                >Apply</button>

                <button
                  class="btn btn-sm"
                  type="button"
                  data-action="click:notifications-list-subscription-form#resetForm"
                  data-close-dialog="">Cancel</button>
              </div>
</form>          </div>
        </details-dialog>
        <div class="notifications-component-dialog-overlay"></div>
      </details>
        <a class="social-count"
          href="/retico/cmepda_medphys/watchers"
          aria-label="2 users are watching this repository"
          data-target="notifications-list-subscription-form.socialCount"
        >
          2
        </a>

    </notifications-list-subscription-form>

  </li>

  <li>
        <div class="d-block js-toggler-container js-social-container starring-container ">
    <form class="starred js-social-form" action="/retico/cmepda_medphys/unstar" accept-charset="UTF-8" method="post"><input type="hidden" name="authenticity_token" value="8dhFG8XUwsj8iHl/v65MeqWZukXsHuwQ92bTl9S6A6Kk+DvlgLBes/CwcaR8jPWNUBfb6RnQZTs4lYPuQ86P4Q==" />
      <input type="hidden" name="context" value="repository">
      <button type="submit" class="btn btn-sm btn-with-count  js-toggler-target" aria-label="Unstar this repository" title="Unstar retico/cmepda_medphys" data-hydro-click="{&quot;event_type&quot;:&quot;repository.click&quot;,&quot;payload&quot;:{&quot;target&quot;:&quot;UNSTAR_BUTTON&quot;,&quot;repository_id&quot;:223180914,&quot;originating_url&quot;:&quot;https://github.com/retico/cmepda_medphys/blob/master/L8_code/FS_features_ABIDE_males_someGlobals.csv&quot;,&quot;user_id&quot;:75328593}}" data-hydro-click-hmac="08f12385648fd86bd41df5326830d53dd75ecab68f56beb08f01a2f3ab9fed56" data-ga-click="Repository, click unstar button, action:blob#show; text:Unstar">        <svg class="octicon octicon-star-fill mr-1" height="16" viewBox="0 0 16 16" version="1.1" width="16" aria-hidden="true"><path fill-rule="evenodd" d="M8 .25a.75.75 0 01.673.418l1.882 3.815 4.21.612a.75.75 0 01.416 1.279l-3.046 2.97.719 4.192a.75.75 0 01-1.088.791L8 12.347l-3.766 1.98a.75.75 0 01-1.088-.79l.72-4.194L.818 6.374a.75.75 0 01.416-1.28l4.21-.611L7.327.668A.75.75 0 018 .25z"></path></svg>
        <span>
          Unstar
</span></button>        <a class="social-count js-social-count" href="/retico/cmepda_medphys/stargazers"
           aria-label="1 user starred this repository">
           1
        </a>
</form>
    <form class="unstarred js-social-form" action="/retico/cmepda_medphys/star" accept-charset="UTF-8" method="post"><input type="hidden" name="authenticity_token" value="vbH1k8ySQ4arNGXpxe5lI4pyEIQUZt/JL/IBKV3Vh4jDwlTYbssg5rKbOCq7klpj34TIsPMrwb40SKhfID7smQ==" />
      <input type="hidden" name="context" value="repository">
      <button type="submit" class="btn btn-sm btn-with-count  js-toggler-target" aria-label="Unstar this repository" title="Star retico/cmepda_medphys" data-hydro-click="{&quot;event_type&quot;:&quot;repository.click&quot;,&quot;payload&quot;:{&quot;target&quot;:&quot;STAR_BUTTON&quot;,&quot;repository_id&quot;:223180914,&quot;originating_url&quot;:&quot;https://github.com/retico/cmepda_medphys/blob/master/L8_code/FS_features_ABIDE_males_someGlobals.csv&quot;,&quot;user_id&quot;:75328593}}" data-hydro-click-hmac="e05ca9f7d208a59b4c1b4e8992ebd3eaea2896bd1664b737dfced459448558a8" data-ga-click="Repository, click star button, action:blob#show; text:Star">        <svg class="octicon octicon-star mr-1" height="16" viewBox="0 0 16 16" version="1.1" width="16" aria-hidden="true"><path fill-rule="evenodd" d="M8 .25a.75.75 0 01.673.418l1.882 3.815 4.21.612a.75.75 0 01.416 1.279l-3.046 2.97.719 4.192a.75.75 0 01-1.088.791L8 12.347l-3.766 1.98a.75.75 0 01-1.088-.79l.72-4.194L.818 6.374a.75.75 0 01.416-1.28l4.21-.611L7.327.668A.75.75 0 018 .25zm0 2.445L6.615 5.5a.75.75 0 01-.564.41l-3.097.45 2.24 2.184a.75.75 0 01.216.664l-.528 3.084 2.769-1.456a.75.75 0 01.698 0l2.77 1.456-.53-3.084a.75.75 0 01.216-.664l2.24-2.183-3.096-.45a.75.75 0 01-.564-.41L8 2.694v.001z"></path></svg>
        <span>
          Star
</span></button>        <a class="social-count js-social-count" href="/retico/cmepda_medphys/stargazers"
           aria-label="1 user starred this repository">
          1
        </a>
</form>  </div>

  </li>

  <li>
            <!-- '"` --><!-- </textarea></xmp> --></option></form><form class="btn-with-count" action="/retico/cmepda_medphys/fork" accept-charset="UTF-8" method="post"><input type="hidden" name="authenticity_token" value="Ute5N9fuqVYlcf4yx6wgT+xLJivEzYglA2EmPUZuqlYkH837IYUaK2cGe69lINhNBU1tIqDixFoMIpQVbTo3Tg==" />
              <button class="btn btn-sm btn-with-count" data-hydro-click="{&quot;event_type&quot;:&quot;repository.click&quot;,&quot;payload&quot;:{&quot;target&quot;:&quot;FORK_BUTTON&quot;,&quot;repository_id&quot;:223180914,&quot;originating_url&quot;:&quot;https://github.com/retico/cmepda_medphys/blob/master/L8_code/FS_features_ABIDE_males_someGlobals.csv&quot;,&quot;user_id&quot;:75328593}}" data-hydro-click-hmac="5ffa978a2c3905f307a209186d0c60837fd841433c6540eda62a7d3ebd7ed9d3" data-ga-click="Repository, show fork modal, action:blob#show; text:Fork" type="submit" title="Fork your own copy of retico/cmepda_medphys to your account" aria-label="Fork your own copy of retico/cmepda_medphys to your account">                <svg class="octicon octicon-repo-forked" viewBox="0 0 16 16" version="1.1" width="16" height="16" aria-hidden="true"><path fill-rule="evenodd" d="M5 3.25a.75.75 0 11-1.5 0 .75.75 0 011.5 0zm0 2.122a2.25 2.25 0 10-1.5 0v.878A2.25 2.25 0 005.75 8.5h1.5v2.128a2.251 2.251 0 101.5 0V8.5h1.5a2.25 2.25 0 002.25-2.25v-.878a2.25 2.25 0 10-1.5 0v.878a.75.75 0 01-.75.75h-4.5A.75.75 0 015 6.25v-.878zm3.75 7.378a.75.75 0 11-1.5 0 .75.75 0 011.5 0zm3-8.75a.75.75 0 100-1.5.75.75 0 000 1.5z"></path></svg>
                Fork
</button></form>
      <a href="/retico/cmepda_medphys/network/members" class="social-count"
         aria-label="2 users forked this repository">
        2
      </a>
  </li>
</ul>

      </div>
        
<nav aria-label="Repository" data-pjax="#js-repo-pjax-container" class="js-repo-nav js-sidenav-container-pjax js-responsive-underlinenav overflow-hidden UnderlineNav px-3 px-md-4 px-lg-5 bg-gray-light">
  <ul class="UnderlineNav-body list-style-none ">
          <li class="d-flex">
        <a class="js-selected-navigation-item selected UnderlineNav-item hx_underlinenav-item no-wrap js-responsive-underlinenav-item" data-tab-item="i0code-tab" data-hotkey="g c" data-ga-click="Repository, Navigation click, Code tab" aria-current="page" data-selected-links="repo_source repo_downloads repo_commits repo_releases repo_tags repo_branches repo_packages repo_deployments /retico/cmepda_medphys" href="/retico/cmepda_medphys">
              <svg class="octicon octicon-code UnderlineNav-octicon d-none d-sm-inline" height="16" viewBox="0 0 16 16" version="1.1" width="16" aria-hidden="true"><path fill-rule="evenodd" d="M4.72 3.22a.75.75 0 011.06 1.06L2.06 8l3.72 3.72a.75.75 0 11-1.06 1.06L.47 8.53a.75.75 0 010-1.06l4.25-4.25zm6.56 0a.75.75 0 10-1.06 1.06L13.94 8l-3.72 3.72a.75.75 0 101.06 1.06l4.25-4.25a.75.75 0 000-1.06l-4.25-4.25z"></path></svg>
            <span data-content="Code">Code</span>
              <span title="Not available" class="Counter "></span>
</a>

      </li>
      <li class="d-flex">
        <a class="js-selected-navigation-item UnderlineNav-item hx_underlinenav-item no-wrap js-responsive-underlinenav-item" data-tab-item="i1issues-tab" data-hotkey="g i" data-ga-click="Repository, Navigation click, Issues tab" data-selected-links="repo_issues repo_labels repo_milestones /retico/cmepda_medphys/issues" href="/retico/cmepda_medphys/issues">
              <svg class="octicon octicon-issue-opened UnderlineNav-octicon d-none d-sm-inline" height="16" viewBox="0 0 16 16" version="1.1" width="16" aria-hidden="true"><path fill-rule="evenodd" d="M8 1.5a6.5 6.5 0 100 13 6.5 6.5 0 000-13zM0 8a8 8 0 1116 0A8 8 0 010 8zm9 3a1 1 0 11-2 0 1 1 0 012 0zm-.25-6.25a.75.75 0 00-1.5 0v3.5a.75.75 0 001.5 0v-3.5z"></path></svg>
            <span data-content="Issues">Issues</span>
              <span title="0" hidden="hidden" class="Counter ">0</span>
</a>

      </li>
      <li class="d-flex">
        <a class="js-selected-navigation-item UnderlineNav-item hx_underlinenav-item no-wrap js-responsive-underlinenav-item" data-tab-item="i2pull-requests-tab" data-hotkey="g p" data-ga-click="Repository, Navigation click, Pull requests tab" data-selected-links="repo_pulls checks /retico/cmepda_medphys/pulls" href="/retico/cmepda_medphys/pulls">
              <svg class="octicon octicon-git-pull-request UnderlineNav-octicon d-none d-sm-inline" height="16" viewBox="0 0 16 16" version="1.1" width="16" aria-hidden="true"><path fill-rule="evenodd" d="M7.177 3.073L9.573.677A.25.25 0 0110 .854v4.792a.25.25 0 01-.427.177L7.177 3.427a.25.25 0 010-.354zM3.75 2.5a.75.75 0 100 1.5.75.75 0 000-1.5zm-2.25.75a2.25 2.25 0 113 2.122v5.256a2.251 2.251 0 11-1.5 0V5.372A2.25 2.25 0 011.5 3.25zM11 2.5h-1V4h1a1 1 0 011 1v5.628a2.251 2.251 0 101.5 0V5A2.5 2.5 0 0011 2.5zm1 10.25a.75.75 0 111.5 0 .75.75 0 01-1.5 0zM3.75 12a.75.75 0 100 1.5.75.75 0 000-1.5z"></path></svg>
            <span data-content="Pull requests">Pull requests</span>
              <span title="0" hidden="hidden" class="Counter ">0</span>
</a>

      </li>
      <li class="d-flex">
        <a class="js-selected-navigation-item UnderlineNav-item hx_underlinenav-item no-wrap js-responsive-underlinenav-item" data-tab-item="i3actions-tab" data-hotkey="g a" data-ga-click="Repository, Navigation click, Actions tab" data-selected-links="repo_actions /retico/cmepda_medphys/actions" href="/retico/cmepda_medphys/actions">
              <svg class="octicon octicon-play UnderlineNav-octicon d-none d-sm-inline" height="16" viewBox="0 0 16 16" version="1.1" width="16" aria-hidden="true"><path fill-rule="evenodd" d="M1.5 8a6.5 6.5 0 1113 0 6.5 6.5 0 01-13 0zM8 0a8 8 0 100 16A8 8 0 008 0zM6.379 5.227A.25.25 0 006 5.442v5.117a.25.25 0 00.379.214l4.264-2.559a.25.25 0 000-.428L6.379 5.227z"></path></svg>
            <span data-content="Actions">Actions</span>
              <span title="Not available" class="Counter "></span>
</a>

      </li>
      <li class="d-flex">
        <a class="js-selected-navigation-item UnderlineNav-item hx_underlinenav-item no-wrap js-responsive-underlinenav-item" data-tab-item="i4projects-tab" data-hotkey="g b" data-ga-click="Repository, Navigation click, Projects tab" data-selected-links="repo_projects new_repo_project repo_project /retico/cmepda_medphys/projects" href="/retico/cmepda_medphys/projects">
              <svg class="octicon octicon-project UnderlineNav-octicon d-none d-sm-inline" height="16" viewBox="0 0 16 16" version="1.1" width="16" aria-hidden="true"><path fill-rule="evenodd" d="M1.75 0A1.75 1.75 0 000 1.75v12.5C0 15.216.784 16 1.75 16h12.5A1.75 1.75 0 0016 14.25V1.75A1.75 1.75 0 0014.25 0H1.75zM1.5 1.75a.25.25 0 01.25-.25h12.5a.25.25 0 01.25.25v12.5a.25.25 0 01-.25.25H1.75a.25.25 0 01-.25-.25V1.75zM11.75 3a.75.75 0 00-.75.75v7.5a.75.75 0 001.5 0v-7.5a.75.75 0 00-.75-.75zm-8.25.75a.75.75 0 011.5 0v5.5a.75.75 0 01-1.5 0v-5.5zM8 3a.75.75 0 00-.75.75v3.5a.75.75 0 001.5 0v-3.5A.75.75 0 008 3z"></path></svg>
            <span data-content="Projects">Projects</span>
              <span title="0" hidden="hidden" class="Counter ">0</span>
</a>

      </li>
      <li class="d-flex">
        <a class="js-selected-navigation-item UnderlineNav-item hx_underlinenav-item no-wrap js-responsive-underlinenav-item" data-tab-item="i5wiki-tab" data-hotkey="g w" data-ga-click="Repository, Navigation click, Wikis tab" data-selected-links="repo_wiki /retico/cmepda_medphys/wiki" href="/retico/cmepda_medphys/wiki">
              <svg class="octicon octicon-book UnderlineNav-octicon d-none d-sm-inline" height="16" viewBox="0 0 16 16" version="1.1" width="16" aria-hidden="true"><path fill-rule="evenodd" d="M0 1.75A.75.75 0 01.75 1h4.253c1.227 0 2.317.59 3 1.501A3.744 3.744 0 0111.006 1h4.245a.75.75 0 01.75.75v10.5a.75.75 0 01-.75.75h-4.507a2.25 2.25 0 00-1.591.659l-.622.621a.75.75 0 01-1.06 0l-.622-.621A2.25 2.25 0 005.258 13H.75a.75.75 0 01-.75-.75V1.75zm8.755 3a2.25 2.25 0 012.25-2.25H14.5v9h-3.757c-.71 0-1.4.201-1.992.572l.004-7.322zm-1.504 7.324l.004-5.073-.002-2.253A2.25 2.25 0 005.003 2.5H1.5v9h3.757a3.75 3.75 0 011.994.574z"></path></svg>
            <span data-content="Wiki">Wiki</span>
              <span title="Not available" class="Counter "></span>
</a>

      </li>
      <li class="d-flex">
        <a class="js-selected-navigation-item UnderlineNav-item hx_underlinenav-item no-wrap js-responsive-underlinenav-item" data-tab-item="i6security-tab" data-hotkey="g s" data-ga-click="Repository, Navigation click, Security tab" data-selected-links="security overview alerts policy token_scanning code_scanning /retico/cmepda_medphys/security" href="/retico/cmepda_medphys/security">
              <svg class="octicon octicon-shield UnderlineNav-octicon d-none d-sm-inline" height="16" viewBox="0 0 16 16" version="1.1" width="16" aria-hidden="true"><path fill-rule="evenodd" d="M7.467.133a1.75 1.75 0 011.066 0l5.25 1.68A1.75 1.75 0 0115 3.48V7c0 1.566-.32 3.182-1.303 4.682-.983 1.498-2.585 2.813-5.032 3.855a1.7 1.7 0 01-1.33 0c-2.447-1.042-4.049-2.357-5.032-3.855C1.32 10.182 1 8.566 1 7V3.48a1.75 1.75 0 011.217-1.667l5.25-1.68zm.61 1.429a.25.25 0 00-.153 0l-5.25 1.68a.25.25 0 00-.174.238V7c0 1.358.275 2.666 1.057 3.86.784 1.194 2.121 2.34 4.366 3.297a.2.2 0 00.154 0c2.245-.956 3.582-2.104 4.366-3.298C13.225 9.666 13.5 8.36 13.5 7V3.48a.25.25 0 00-.174-.237l-5.25-1.68zM9 10.5a1 1 0 11-2 0 1 1 0 012 0zm-.25-5.75a.75.75 0 10-1.5 0v3a.75.75 0 001.5 0v-3z"></path></svg>
            <span data-content="Security">Security</span>
              <include-fragment src="/retico/cmepda_medphys/security/overall-count" accept="text/fragment+html"></include-fragment>
</a>

      </li>
      <li class="d-flex">
        <a class="js-selected-navigation-item UnderlineNav-item hx_underlinenav-item no-wrap js-responsive-underlinenav-item" data-tab-item="i7insights-tab" data-ga-click="Repository, Navigation click, Insights tab" data-selected-links="repo_graphs repo_contributors dependency_graph dependabot_updates pulse people /retico/cmepda_medphys/pulse" href="/retico/cmepda_medphys/pulse">
              <svg class="octicon octicon-graph UnderlineNav-octicon d-none d-sm-inline" height="16" viewBox="0 0 16 16" version="1.1" width="16" aria-hidden="true"><path fill-rule="evenodd" d="M1.5 1.75a.75.75 0 00-1.5 0v12.5c0 .414.336.75.75.75h14.5a.75.75 0 000-1.5H1.5V1.75zm14.28 2.53a.75.75 0 00-1.06-1.06L10 7.94 7.53 5.47a.75.75 0 00-1.06 0L3.22 8.72a.75.75 0 001.06 1.06L7 7.06l2.47 2.47a.75.75 0 001.06 0l5.25-5.25z"></path></svg>
            <span data-content="Insights">Insights</span>
              <span title="Not available" class="Counter "></span>
</a>

      </li>

</ul>        <div class="position-absolute right-0 pr-3 pr-md-4 pr-lg-5 js-responsive-underlinenav-overflow" style="visibility:hidden;">
      <details class="details-overlay details-reset position-relative">
  <summary role="button">
    <div class="UnderlineNav-item mr-0 border-0">
            <svg class="octicon octicon-kebab-horizontal" viewBox="0 0 16 16" version="1.1" width="16" height="16" aria-hidden="true"><path d="M8 9a1.5 1.5 0 100-3 1.5 1.5 0 000 3zM1.5 9a1.5 1.5 0 100-3 1.5 1.5 0 000 3zm13 0a1.5 1.5 0 100-3 1.5 1.5 0 000 3z"></path></svg>
            <span class="sr-only">More</span>
          </div>
</summary>  <div>
    <details-menu role="menu" class="dropdown-menu dropdown-menu-sw ">
  
            <ul>
                <li data-menu-item="i0code-tab" hidden>
                  <a role="menuitem" class="js-selected-navigation-item dropdown-item" data-selected-links=" /retico/cmepda_medphys" href="/retico/cmepda_medphys">
                    Code
</a>                </li>
                <li data-menu-item="i1issues-tab" hidden>
                  <a role="menuitem" class="js-selected-navigation-item dropdown-item" data-selected-links=" /retico/cmepda_medphys/issues" href="/retico/cmepda_medphys/issues">
                    Issues
</a>                </li>
                <li data-menu-item="i2pull-requests-tab" hidden>
                  <a role="menuitem" class="js-selected-navigation-item dropdown-item" data-selected-links=" /retico/cmepda_medphys/pulls" href="/retico/cmepda_medphys/pulls">
                    Pull requests
</a>                </li>
                <li data-menu-item="i3actions-tab" hidden>
                  <a role="menuitem" class="js-selected-navigation-item dropdown-item" data-selected-links=" /retico/cmepda_medphys/actions" href="/retico/cmepda_medphys/actions">
                    Actions
</a>                </li>
                <li data-menu-item="i4projects-tab" hidden>
                  <a role="menuitem" class="js-selected-navigation-item dropdown-item" data-selected-links=" /retico/cmepda_medphys/projects" href="/retico/cmepda_medphys/projects">
                    Projects
</a>                </li>
                <li data-menu-item="i5wiki-tab" hidden>
                  <a role="menuitem" class="js-selected-navigation-item dropdown-item" data-selected-links=" /retico/cmepda_medphys/wiki" href="/retico/cmepda_medphys/wiki">
                    Wiki
</a>                </li>
                <li data-menu-item="i6security-tab" hidden>
                  <a role="menuitem" class="js-selected-navigation-item dropdown-item" data-selected-links=" /retico/cmepda_medphys/security" href="/retico/cmepda_medphys/security">
                    Security
</a>                </li>
                <li data-menu-item="i7insights-tab" hidden>
                  <a role="menuitem" class="js-selected-navigation-item dropdown-item" data-selected-links=" /retico/cmepda_medphys/pulse" href="/retico/cmepda_medphys/pulse">
                    Insights
</a>                </li>
            </ul>

</details-menu>
</div></details>    </div>

</nav>
  </div>


<div class="container-xl clearfix new-discussion-timeline px-3 px-md-4 px-lg-5">
  <div class="repository-content " >

    
      
  


    <a class="d-none js-permalink-shortcut" data-hotkey="y" href="/retico/cmepda_medphys/blob/ae21b7297c826948f7c8832d40f80fcefe476495/L8_code/FS_features_ABIDE_males_someGlobals.csv">Permalink</a>

    <!-- blob contrib key: blob_contributors:v22:9cb165fef999d3856cdd1321706004c0937600e7498162b699ce1f7a7a086508 -->

    <div class="d-flex flex-items-start flex-shrink-0 pb-3 flex-wrap flex-md-nowrap flex-justify-between flex-md-justify-start">
      
<div class="position-relative">
  <details class="details-reset details-overlay mr-0 mb-0 " id="branch-select-menu">
    <summary class="btn css-truncate"
            data-hotkey="w"
            title="Switch branches or tags">
      <svg class="octicon octicon-git-branch text-gray" height="16" viewBox="0 0 16 16" version="1.1" width="16" aria-hidden="true"><path fill-rule="evenodd" d="M11.75 2.5a.75.75 0 100 1.5.75.75 0 000-1.5zm-2.25.75a2.25 2.25 0 113 2.122V6A2.5 2.5 0 0110 8.5H6a1 1 0 00-1 1v1.128a2.251 2.251 0 11-1.5 0V5.372a2.25 2.25 0 111.5 0v1.836A2.492 2.492 0 016 7h4a1 1 0 001-1v-.628A2.25 2.25 0 019.5 3.25zM4.25 12a.75.75 0 100 1.5.75.75 0 000-1.5zM3.5 3.25a.75.75 0 111.5 0 .75.75 0 01-1.5 0z"></path></svg>
      <span class="css-truncate-target" data-menu-button>master</span>
      <span class="dropdown-caret"></span>
    </summary>

    <details-menu class="SelectMenu SelectMenu--hasFilter" src="/retico/cmepda_medphys/refs/master/L8_code/FS_features_ABIDE_males_someGlobals.csv?source_action=show&amp;source_controller=blob" preload>
      <div class="SelectMenu-modal">
        <include-fragment class="SelectMenu-loading" aria-label="Menu is loading">
          <svg class="octicon octicon-octoface anim-pulse" height="32" viewBox="0 0 24 24" version="1.1" width="32" aria-hidden="true"><path d="M7.75 11c-.69 0-1.25.56-1.25 1.25v1.5a1.25 1.25 0 102.5 0v-1.5C9 11.56 8.44 11 7.75 11zm1.27 4.5a.469.469 0 01.48-.5h5a.47.47 0 01.48.5c-.116 1.316-.759 2.5-2.98 2.5s-2.864-1.184-2.98-2.5zm7.23-4.5c-.69 0-1.25.56-1.25 1.25v1.5a1.25 1.25 0 102.5 0v-1.5c0-.69-.56-1.25-1.25-1.25z"></path><path fill-rule="evenodd" d="M21.255 3.82a1.725 1.725 0 00-2.141-1.195c-.557.16-1.406.44-2.264.866-.78.386-1.647.93-2.293 1.677A18.442 18.442 0 0012 5c-.93 0-1.784.059-2.569.17-.645-.74-1.505-1.28-2.28-1.664a13.876 13.876 0 00-2.265-.866 1.725 1.725 0 00-2.141 1.196 23.645 23.645 0 00-.69 3.292c-.125.97-.191 2.07-.066 3.112C1.254 11.882 1 13.734 1 15.527 1 19.915 3.13 23 12 23c8.87 0 11-3.053 11-7.473 0-1.794-.255-3.647-.99-5.29.127-1.046.06-2.15-.066-3.125a23.652 23.652 0 00-.689-3.292zM20.5 14c.5 3.5-1.5 6.5-8.5 6.5s-9-3-8.5-6.5c.583-4 3-6 8.5-6s7.928 2 8.5 6z"></path></svg>
        </include-fragment>
      </div>
    </details-menu>
  </details>

</div>

      <h2 id="blob-path" class="breadcrumb flex-auto min-width-0 text-normal mx-0 mx-md-3 width-full width-md-auto flex-order-1 flex-md-order-none mt-3 mt-md-0">
        <span class="js-repo-root text-bold"><span class="js-path-segment d-inline-block wb-break-all"><a data-pjax="true" href="/retico/cmepda_medphys"><span>cmepda_medphys</span></a></span></span><span class="separator">/</span><span class="js-path-segment d-inline-block wb-break-all"><a data-pjax="true" href="/retico/cmepda_medphys/tree/master/L8_code"><span>L8_code</span></a></span><span class="separator">/</span><strong class="final-path">FS_features_ABIDE_males_someGlobals.csv</strong>
      </h2>
      <a href="/retico/cmepda_medphys/find/master"
            class="js-pjax-capture-input btn mr-2 d-none d-md-block"
            data-pjax
            data-hotkey="t">
        Go to file
      </a>

      <details id="blob-more-options-details" class="details-overlay details-reset position-relative">
  <summary role="button" type="button" class="btn ">
    <svg aria-label="More options" class="octicon octicon-kebab-horizontal" height="16" viewBox="0 0 16 16" version="1.1" width="16" role="img"><path d="M8 9a1.5 1.5 0 100-3 1.5 1.5 0 000 3zM1.5 9a1.5 1.5 0 100-3 1.5 1.5 0 000 3zm13 0a1.5 1.5 0 100-3 1.5 1.5 0 000 3z"></path></svg>
</summary>  <div>
    <ul class="dropdown-menu dropdown-menu-sw">
            <li class="d-block d-md-none">
              <a class="dropdown-item d-flex flex-items-baseline" data-hydro-click="{&quot;event_type&quot;:&quot;repository.click&quot;,&quot;payload&quot;:{&quot;target&quot;:&quot;FIND_FILE_BUTTON&quot;,&quot;repository_id&quot;:223180914,&quot;originating_url&quot;:&quot;https://github.com/retico/cmepda_medphys/blob/master/L8_code/FS_features_ABIDE_males_someGlobals.csv&quot;,&quot;user_id&quot;:75328593}}" data-hydro-click-hmac="7cb7fe8eebbd44e4a2cfbbf52264b7ef16a8d3842527e307101a0e541bf4d9b1" data-ga-click="Repository, find file, location:repo overview" data-hotkey="t" data-pjax="true" href="/retico/cmepda_medphys/find/master">
                <span class="flex-auto">Go to file</span>
                <span class="text-small text-gray" aria-hidden="true">T</span>
</a>            </li>
            <li data-toggle-for="blob-more-options-details">
              <button type="button" data-toggle-for="jumpto-line-details-dialog" class="btn-link dropdown-item">
                <span class="d-flex flex-items-baseline">
                  <span class="flex-auto">Go to line</span>
                  <span class="text-small text-gray" aria-hidden="true">L</span>
                </span>
              </button>
            </li>
            <li class="dropdown-divider" role="none"></li>
            <li>
              <clipboard-copy value="L8_code/FS_features_ABIDE_males_someGlobals.csv" class="dropdown-item cursor-pointer" data-toggle-for="blob-more-options-details">
                Copy path
              </clipboard-copy>
            </li>
          </ul>
</div></details>    </div>



    <div class="Box d-flex flex-column flex-shrink-0 mb-3">
      
  <div class="Box-header Box-header--blue Details js-details-container">
      <div class="d-flex flex-items-center">
        <span class="flex-shrink-0 ml-n1 mr-n1 mt-n1 mb-n1">
          <img class="avatar avatar-user" width="24" height="24" alt="" src="https://camo.githubusercontent.com/59d783bfe0840dcab91c22a6f06b6807ac4a469da475072d728845eacd56f77a/68747470733a2f2f322e67726176617461722e636f6d2f6176617461722f37336461376662646265313638626636343632383139633966636135653039633f643d68747470732533412532462532466769746875622e6769746875626173736574732e636f6d253246696d6167657325324667726176617461727325324667726176617461722d757365722d3432302e706e6726723d6726733d313430" data-canonical-src="https://2.gravatar.com/avatar/73da7fbdbe168bf6462819c9fca5e09c?d=https%3A%2F%2Fgithub.githubassets.com%2Fimages%2Fgravatars%2Fgravatar-user-420.png&amp;r=g&amp;s=140" />
        </span>
        <div class="flex-1 d-flex flex-items-center ml-3 min-width-0">
          <div class="css-truncate css-truncate-overflow">
            <span class="text-bold link-gray-dark">Francesco Laruina</span>

              <span>
                <a data-pjax="true" title="Fixed dos EOL" class="link-gray" href="/retico/cmepda_medphys/commit/dd8188b3e4dafff8d2a7c1f77b7b217feb3f003e">Fixed dos EOL</a>
              </span>
          </div>


          <span class="ml-2">
            <include-fragment accept="text/fragment+html" src="/retico/cmepda_medphys/commit/dd8188b3e4dafff8d2a7c1f77b7b217feb3f003e/rollup?direction=e" class="d-inline"></include-fragment>
          </span>
        </div>
        <div class="ml-3 d-flex flex-shrink-0 flex-items-center flex-justify-end text-gray no-wrap">
          <span class="d-none d-md-inline">
            <span>Latest commit</span>
            <a class="text-small text-mono link-gray" href="/retico/cmepda_medphys/commit/dd8188b3e4dafff8d2a7c1f77b7b217feb3f003e" data-pjax>dd8188b</a>
            <span itemprop="dateModified"><relative-time datetime="2019-12-06T09:02:04Z" class="no-wrap">Dec 6, 2019</relative-time></span>
          </span>

          <a data-pjax href="/retico/cmepda_medphys/commits/master/L8_code/FS_features_ABIDE_males_someGlobals.csv" class="ml-3 no-wrap link-gray-dark no-underline">
            <svg class="octicon octicon-history text-gray" height="16" viewBox="0 0 16 16" version="1.1" width="16" aria-hidden="true"><path fill-rule="evenodd" d="M1.643 3.143L.427 1.927A.25.25 0 000 2.104V5.75c0 .138.112.25.25.25h3.646a.25.25 0 00.177-.427L2.715 4.215a6.5 6.5 0 11-1.18 4.458.75.75 0 10-1.493.154 8.001 8.001 0 101.6-5.684zM7.75 4a.75.75 0 01.75.75v2.992l2.028.812a.75.75 0 01-.557 1.392l-2.5-1A.75.75 0 017 8.25v-3.5A.75.75 0 017.75 4z"></path></svg>
            <span class="d-none d-sm-inline">
              <strong>History</strong>
            </span>
          </a>
        </div>
      </div>

  </div>

  <div class="Box-body d-flex flex-items-center flex-auto border-bottom-0 flex-wrap" >
    <details class="details-reset details-overlay details-overlay-dark lh-default text-gray-dark float-left mr-3" id="blob_contributors_box">
      <summary class="link-gray-dark">
        <svg class="octicon octicon-people text-gray" height="16" viewBox="0 0 16 16" version="1.1" width="16" aria-hidden="true"><path fill-rule="evenodd" d="M5.5 3.5a2 2 0 100 4 2 2 0 000-4zM2 5.5a3.5 3.5 0 115.898 2.549 5.507 5.507 0 013.034 4.084.75.75 0 11-1.482.235 4.001 4.001 0 00-7.9 0 .75.75 0 01-1.482-.236A5.507 5.507 0 013.102 8.05 3.49 3.49 0 012 5.5zM11 4a.75.75 0 100 1.5 1.5 1.5 0 01.666 2.844.75.75 0 00-.416.672v.352a.75.75 0 00.574.73c1.2.289 2.162 1.2 2.522 2.372a.75.75 0 101.434-.44 5.01 5.01 0 00-2.56-3.012A3 3 0 0011 4z"></path></svg>
        <strong>0</strong>
        
        contributors
      </summary>
      <details-dialog
        class="Box Box--overlay d-flex flex-column anim-fade-in fast"
        aria-label="Users who have contributed to this file"
        src="/retico/cmepda_medphys/contributors-list/master/L8_code/FS_features_ABIDE_males_someGlobals.csv" preload>
        <div class="Box-header">
          <button class="Box-btn-octicon btn-octicon float-right" type="button" aria-label="Close dialog" data-close-dialog>
            <svg class="octicon octicon-x" viewBox="0 0 16 16" version="1.1" width="16" height="16" aria-hidden="true"><path fill-rule="evenodd" d="M3.72 3.72a.75.75 0 011.06 0L8 6.94l3.22-3.22a.75.75 0 111.06 1.06L9.06 8l3.22 3.22a.75.75 0 11-1.06 1.06L8 9.06l-3.22 3.22a.75.75 0 01-1.06-1.06L6.94 8 3.72 4.78a.75.75 0 010-1.06z"></path></svg>
          </button>
          <h3 class="Box-title">
            Users who have contributed to this file
          </h3>
        </div>
        <include-fragment>
          <svg viewBox="0 0 16 16" fill="none" style="box-sizing: content-box; color: var(--color-icon-primary);" class="my-3 mx-auto d-block" width="32" height="32">
  <circle cx="8" cy="8" r="7" stroke="currentColor" stroke-opacity="0.25" stroke-width="2" vector-effect="non-scaling-stroke" />
  <path d="M15 8a7.002 7.002 0 00-7-7" stroke="currentColor" stroke-width="2" stroke-linecap="round" vector-effect="non-scaling-stroke">
    <animateTransform attributeName="transform" type="rotate" from="0 8 8" to="360 8 8" dur="1s" repeatCount="indefinite" />
  </path>
</svg>
        </include-fragment>
      </details-dialog>
    </details>
  </div>
    </div>






    <div class="Box mt-3 position-relative
      ">
      
<div class="Box-header py-2 d-flex flex-column flex-shrink-0 flex-md-row flex-md-items-center">
  <div class="text-mono f6 flex-auto pr-3 flex-order-2 flex-md-order-1 mt-2 mt-md-0">

      917 lines (916 sloc)
      <span class="file-info-divider"></span>
    92 KB
  </div>

  <div class="d-flex py-1 py-md-0 flex-auto flex-order-1 flex-md-order-2 flex-sm-grow-0 flex-justify-between">

    <div class="BtnGroup">
      <a href="/retico/cmepda_medphys/raw/master/L8_code/FS_features_ABIDE_males_someGlobals.csv" id="raw-url" role="button" class="btn btn-sm BtnGroup-item ">Raw</a>
        <a href="/retico/cmepda_medphys/blame/master/L8_code/FS_features_ABIDE_males_someGlobals.csv" data-hotkey="b" role="button" class="btn js-update-url-with-hash btn-sm BtnGroup-item ">Blame</a>
    </div>

    <div>
          <a class="btn-octicon tooltipped tooltipped-nw js-remove-unless-platform"
             data-platforms="windows,mac"
             href="https://desktop.github.com"
             aria-label="Open this file in GitHub Desktop"
             data-ga-click="Repository, open with desktop">
              <svg class="octicon octicon-device-desktop" viewBox="0 0 16 16" version="1.1" width="16" height="16" aria-hidden="true"><path fill-rule="evenodd" d="M1.75 2.5h12.5a.25.25 0 01.25.25v7.5a.25.25 0 01-.25.25H1.75a.25.25 0 01-.25-.25v-7.5a.25.25 0 01.25-.25zM14.25 1H1.75A1.75 1.75 0 000 2.75v7.5C0 11.216.784 12 1.75 12h3.727c-.1 1.041-.52 1.872-1.292 2.757A.75.75 0 004.75 16h6.5a.75.75 0 00.565-1.243c-.772-.885-1.193-1.716-1.292-2.757h3.727A1.75 1.75 0 0016 10.25v-7.5A1.75 1.75 0 0014.25 1zM9.018 12H6.982a5.72 5.72 0 01-.765 2.5h3.566a5.72 5.72 0 01-.765-2.5z"></path></svg>
          </a>

          <!-- '"` --><!-- </textarea></xmp> --></option></form><form class="inline-form js-update-url-with-hash" action="/retico/cmepda_medphys/edit/master/L8_code/FS_features_ABIDE_males_someGlobals.csv" accept-charset="UTF-8" method="post"><input type="hidden" name="authenticity_token" value="dAaL+LK60GO0v3Y8L30WXkZ74DSPKtvsqdhGWZT5XnDDtkWJo/psXA9y2FBBNXjHaVRfXYFBAyUReV437vaqgA==" />
            <button class="btn-octicon tooltipped tooltipped-nw" type="submit"
              aria-label="Fork this project and edit the file" data-hotkey="e" data-disable-with>
              <svg class="octicon octicon-pencil" height="16" viewBox="0 0 16 16" version="1.1" width="16" aria-hidden="true"><path fill-rule="evenodd" d="M11.013 1.427a1.75 1.75 0 012.474 0l1.086 1.086a1.75 1.75 0 010 2.474l-8.61 8.61c-.21.21-.47.364-.756.445l-3.251.93a.75.75 0 01-.927-.928l.929-3.25a1.75 1.75 0 01.445-.758l8.61-8.61zm1.414 1.06a.25.25 0 00-.354 0L10.811 3.75l1.439 1.44 1.263-1.263a.25.25 0 000-.354l-1.086-1.086zM11.189 6.25L9.75 4.81l-6.286 6.287a.25.25 0 00-.064.108l-.558 1.953 1.953-.558a.249.249 0 00.108-.064l6.286-6.286z"></path></svg>
            </button>
</form>
          <!-- '"` --><!-- </textarea></xmp> --></option></form><form class="inline-form" action="/retico/cmepda_medphys/delete/master/L8_code/FS_features_ABIDE_males_someGlobals.csv" accept-charset="UTF-8" method="post"><input type="hidden" name="authenticity_token" value="tGmqRk8d0wNrGJpoF+onu6UDaTXvIXwXrXFfPLy44xTiF1s4akvTKH3RRVvkZ2W9sxW/wPtQmcH4WDsZlOr0yA==" />
            <button class="btn-octicon btn-octicon-danger tooltipped tooltipped-nw" type="submit"
              aria-label="Fork this project and delete the file" data-disable-with>
              <svg class="octicon octicon-trashcan" viewBox="0 0 16 16" version="1.1" width="16" height="16" aria-hidden="true"><path fill-rule="evenodd" d="M6.5 1.75a.25.25 0 01.25-.25h2.5a.25.25 0 01.25.25V3h-3V1.75zm4.5 0V3h2.25a.75.75 0 010 1.5H2.75a.75.75 0 010-1.5H5V1.75C5 .784 5.784 0 6.75 0h2.5C10.216 0 11 .784 11 1.75zM4.496 6.675a.75.75 0 10-1.492.15l.66 6.6A1.75 1.75 0 005.405 15h5.19c.9 0 1.652-.681 1.741-1.576l.66-6.6a.75.75 0 00-1.492-.149l-.66 6.6a.25.25 0 01-.249.225h-5.19a.25.25 0 01-.249-.225l-.66-6.6z"></path></svg>
            </button>
</form>    </div>
  </div>
</div>

      

  <div itemprop="text" class="Box-body p-0 blob-wrapper data type-csv  gist-border-0">
      <div class="blob-interaction-bar">
  <svg class="octicon octicon-search" viewBox="0 0 16 16" version="1.1" width="16" height="16" aria-hidden="true"><path fill-rule="evenodd" d="M11.5 7a4.499 4.499 0 11-8.998 0A4.499 4.499 0 0111.5 7zm-.82 4.74a6 6 0 111.06-1.06l3.04 3.04a.75.75 0 11-1.06 1.06l-3.04-3.04z"></path></svg>
  <input type="text" name="filter" class="form-control js-csv-filter-field blob-filter" autocapitalize="off"
         placeholder="Search this file…" aria-label="Search this file…">
</div>

  <div class="markdown-body">
    <table class="js-csv-data csv-data js-file-line-container">
      <thead>
        <tr id="LC1" class="js-file-line">
          <td id="L1" class="blob-num js-line-number" data-line-number="1"></td>
            <th>FILE_ID</th>
            <th>AGE_AT_SCAN</th>
            <th>SEX</th>
            <th>FIQ</th>
            <th>DX_GROUP</th>
            <th>lh_MeanThickness</th>
            <th>rh_MeanThickness</th>
            <th>lhCortexVol</th>
            <th>rhCortexVol</th>
            <th>lhCerebralWhiteMatterVol</th>
            <th>rhCerebralWhiteMatterVol</th>
            <th>TotalGrayVol</th>
        </tr>
      </thead>
      <tbody>
          <tr id="LC2" class="js-file-line">
            <td id="L2" class="blob-num js-line-number" data-line-number="2"></td>
              <td>Caltech_0051456</td>
              <td>55.4</td>
              <td>1</td>
              <td>126</td>
              <td>1</td>
              <td>2.52039</td>
              <td>2.52379</td>
              <td>258703.4443</td>
              <td>262670.1207</td>
              <td>262254.9768</td>
              <td>265741.1295</td>
              <td>701211.5651</td>
          </tr>
          <tr id="LC3" class="js-file-line">
            <td id="L3" class="blob-num js-line-number" data-line-number="3"></td>
              <td>Caltech_0051457</td>
              <td>22.9</td>
              <td>1</td>
              <td>107</td>
              <td>1</td>
              <td>2.55533</td>
              <td>2.56998</td>
              <td>321132.1284</td>
              <td>317004.7945</td>
              <td>304528.2513</td>
              <td>301555.0187</td>
              <td>841485.9229</td>
          </tr>
          <tr id="LC4" class="js-file-line">
            <td id="L4" class="blob-num js-line-number" data-line-number="4"></td>
              <td>Caltech_0051458</td>
              <td>39.2</td>
              <td>1</td>
              <td>93</td>
              <td>1</td>
              <td>2.64518</td>
              <td>2.6316</td>
              <td>266418.9917</td>
              <td>266456.1701</td>
              <td>271683.1723</td>
              <td>266494.7088</td>
              <td>726728.1619</td>
          </tr>
          <tr id="LC5" class="js-file-line">
            <td id="L5" class="blob-num js-line-number" data-line-number="5"></td>
              <td>Caltech_0051459</td>
              <td>22.8</td>
              <td>1</td>
              <td>106</td>
              <td>1</td>
              <td>2.70814</td>
              <td>2.72762</td>
              <td>307157.4469</td>
              <td>310540.0389</td>
              <td>258618.7918</td>
              <td>255480.2694</td>
              <td>794676.4859</td>
          </tr>
          <tr id="LC6" class="js-file-line">
            <td id="L6" class="blob-num js-line-number" data-line-number="6"></td>
              <td>Caltech_0051461</td>
              <td>37.7</td>
              <td>1</td>
              <td>99</td>
              <td>1</td>
              <td>2.59002</td>
              <td>2.61012</td>
              <td>263932.5269</td>
              <td>269417.2519</td>
              <td>242330.5838</td>
              <td>232809.9268</td>
              <td>714122.7788</td>
          </tr>
          <tr id="LC7" class="js-file-line">
            <td id="L7" class="blob-num js-line-number" data-line-number="7"></td>
              <td>Caltech_0051464</td>
              <td>20.9</td>
              <td>1</td>
              <td>101</td>
              <td>1</td>
              <td>2.75868</td>
              <td>2.77535</td>
              <td>381571.7788</td>
              <td>394084.8589</td>
              <td>303417.2648</td>
              <td>305153.4233</td>
              <td>1002586.638</td>
          </tr>
          <tr id="LC8" class="js-file-line">
            <td id="L8" class="blob-num js-line-number" data-line-number="8"></td>
              <td>Caltech_0051465</td>
              <td>20.2</td>
              <td>1</td>
              <td>96</td>
              <td>1</td>
              <td>2.64952</td>
              <td>2.61226</td>
              <td>263116.2604</td>
              <td>262123.2839</td>
              <td>217074.1083</td>
              <td>216872.829</td>
              <td>714392.5443</td>
          </tr>
          <tr id="LC9" class="js-file-line">
            <td id="L9" class="blob-num js-line-number" data-line-number="9"></td>
              <td>Caltech_0051466</td>
              <td>27.6</td>
              <td>1</td>
              <td>106</td>
              <td>1</td>
              <td>2.50905</td>
              <td>2.5418</td>
              <td>272763.7952</td>
              <td>273803.1852</td>
              <td>243404.3915</td>
              <td>239966.2287</td>
              <td>720410.9804</td>
          </tr>
          <tr id="LC10" class="js-file-line">
            <td id="L10" class="blob-num js-line-number" data-line-number="10"></td>
              <td>Caltech_0051467</td>
              <td>23.4</td>
              <td>1</td>
              <td>93</td>
              <td>1</td>
              <td>2.63928</td>
              <td>2.65577</td>
              <td>318872.1902</td>
              <td>318578.9726</td>
              <td>270932.7213</td>
              <td>270362.5112</td>
              <td>837397.1628</td>
          </tr>
          <tr id="LC11" class="js-file-line">
            <td id="L11" class="blob-num js-line-number" data-line-number="11"></td>
              <td>Caltech_0051468</td>
              <td>20.1</td>
              <td>1</td>
              <td>100</td>
              <td>1</td>
              <td>2.67748</td>
              <td>2.69659</td>
              <td>331159.19</td>
              <td>337979.147</td>
              <td>277939.3387</td>
              <td>281162.6978</td>
              <td>866716.337</td>
          </tr>
          <tr id="LC12" class="js-file-line">
            <td id="L12" class="blob-num js-line-number" data-line-number="12"></td>
              <td>Caltech_0051469</td>
              <td>45.1</td>
              <td>1</td>
              <td>104</td>
              <td>1</td>
              <td>2.48106</td>
              <td>2.51871</td>
              <td>278893.7948</td>
              <td>282402.466</td>
              <td>261970.5011</td>
              <td>260570.2086</td>
              <td>745532.2608</td>
          </tr>
          <tr id="LC13" class="js-file-line">
            <td id="L13" class="blob-num js-line-number" data-line-number="13"></td>
              <td>Caltech_0051470</td>
              <td>29.1</td>
              <td>1</td>
              <td>124</td>
              <td>1</td>
              <td>2.56428</td>
              <td>2.56252</td>
              <td>318409.5611</td>
              <td>322250.6165</td>
              <td>307012.1982</td>
              <td>311138.4686</td>
              <td>847603.1776</td>
          </tr>
          <tr id="LC14" class="js-file-line">
            <td id="L14" class="blob-num js-line-number" data-line-number="14"></td>
              <td>Caltech_0051472</td>
              <td>17.5</td>
              <td>1</td>
              <td>125</td>
              <td>1</td>
              <td>2.8291</td>
              <td>2.76549</td>
              <td>345431.7835</td>
              <td>345834.3795</td>
              <td>292287.6575</td>
              <td>294919.1168</td>
              <td>921576.163</td>
          </tr>
          <tr id="LC15" class="js-file-line">
            <td id="L15" class="blob-num js-line-number" data-line-number="15"></td>
              <td>Caltech_0051473</td>
              <td>21.2</td>
              <td>1</td>
              <td>-9999</td>
              <td>1</td>
              <td>2.61976</td>
              <td>2.62607</td>
              <td>297687.8271</td>
              <td>298429.4176</td>
              <td>245319.0676</td>
              <td>244814.9797</td>
              <td>778179.2447</td>
          </tr>
          <tr id="LC16" class="js-file-line">
            <td id="L16" class="blob-num js-line-number" data-line-number="16"></td>
              <td>Caltech_0051474</td>
              <td>20.9</td>
              <td>1</td>
              <td>100</td>
              <td>1</td>
              <td>2.61929</td>
              <td>2.63078</td>
              <td>298058.7614</td>
              <td>309524.4414</td>
              <td>289629.9526</td>
              <td>293116.4018</td>
              <td>801289.2029</td>
          </tr>
          <tr id="LC17" class="js-file-line">
            <td id="L17" class="blob-num js-line-number" data-line-number="17"></td>
              <td>Caltech_0051475</td>
              <td>44.2</td>
              <td>1</td>
              <td>104</td>
              <td>-1</td>
              <td>2.74324</td>
              <td>2.79058</td>
              <td>288265.7776</td>
              <td>297427.1745</td>
              <td>261371.6807</td>
              <td>264973.7528</td>
              <td>803557.9522</td>
          </tr>
          <tr id="LC18" class="js-file-line">
            <td id="L18" class="blob-num js-line-number" data-line-number="18"></td>
              <td>Caltech_0051476</td>
              <td>39.3</td>
              <td>1</td>
              <td>123</td>
              <td>-1</td>
              <td>2.603</td>
              <td>2.59775</td>
              <td>278289.0717</td>
              <td>273898.9939</td>
              <td>289137.5112</td>
              <td>281060.2013</td>
              <td>758099.0656</td>
          </tr>
          <tr id="LC19" class="js-file-line">
            <td id="L19" class="blob-num js-line-number" data-line-number="19"></td>
              <td>Caltech_0051477</td>
              <td>42.5</td>
              <td>1</td>
              <td>97</td>
              <td>-1</td>
              <td>2.47094</td>
              <td>2.51034</td>
              <td>229602.4724</td>
              <td>232512.6592</td>
              <td>239399.1406</td>
              <td>236346.9706</td>
              <td>619432.1316</td>
          </tr>
          <tr id="LC20" class="js-file-line">
            <td id="L20" class="blob-num js-line-number" data-line-number="20"></td>
              <td>Caltech_0051478</td>
              <td>19.7</td>
              <td>1</td>
              <td>116</td>
              <td>-1</td>
              <td>2.55007</td>
              <td>2.61397</td>
              <td>290407.6663</td>
              <td>299545.1646</td>
              <td>243810.643</td>
              <td>243118.0844</td>
              <td>795591.8309</td>
          </tr>
          <tr id="LC21" class="js-file-line">
            <td id="L21" class="blob-num js-line-number" data-line-number="21"></td>
              <td>Caltech_0051481</td>
              <td>27.9</td>
              <td>1</td>
              <td>117</td>
              <td>-1</td>
              <td>2.51534</td>
              <td>2.54965</td>
              <td>256914.5697</td>
              <td>259557.9251</td>
              <td>266850.0672</td>
              <td>261611.4785</td>
              <td>707952.4948</td>
          </tr>
          <tr id="LC22" class="js-file-line">
            <td id="L22" class="blob-num js-line-number" data-line-number="22"></td>
              <td>Caltech_0051483</td>
              <td>20.9</td>
              <td>1</td>
              <td>124</td>
              <td>-1</td>
              <td>2.71894</td>
              <td>2.72771</td>
              <td>281820.6632</td>
              <td>282283.3003</td>
              <td>246042.0353</td>
              <td>244581.0125</td>
              <td>764868.9636</td>
          </tr>
          <tr id="LC23" class="js-file-line">
            <td id="L23" class="blob-num js-line-number" data-line-number="23"></td>
              <td>Caltech_0051484</td>
              <td>23.6</td>
              <td>1</td>
              <td>128</td>
              <td>-1</td>
              <td>2.63475</td>
              <td>2.60734</td>
              <td>284754.9322</td>
              <td>288223.0131</td>
              <td>252206.7894</td>
              <td>251687.8244</td>
              <td>770466.9453</td>
          </tr>
          <tr id="LC24" class="js-file-line">
            <td id="L24" class="blob-num js-line-number" data-line-number="24"></td>
              <td>Caltech_0051485</td>
              <td>23.9</td>
              <td>1</td>
              <td>123</td>
              <td>-1</td>
              <td>2.62336</td>
              <td>2.65801</td>
              <td>298962.0055</td>
              <td>300154.9582</td>
              <td>257432.7211</td>
              <td>255967.3844</td>
              <td>779594.9637</td>
          </tr>
          <tr id="LC25" class="js-file-line">
            <td id="L25" class="blob-num js-line-number" data-line-number="25"></td>
              <td>Caltech_0051486</td>
              <td>22</td>
              <td>1</td>
              <td>134</td>
              <td>-1</td>
              <td>2.64113</td>
              <td>2.64099</td>
              <td>307370.0033</td>
              <td>307710.0511</td>
              <td>265731.6553</td>
              <td>263691.4724</td>
              <td>819046.0544</td>
          </tr>
          <tr id="LC26" class="js-file-line">
            <td id="L26" class="blob-num js-line-number" data-line-number="26"></td>
              <td>Caltech_0051487</td>
              <td>17</td>
              <td>1</td>
              <td>113</td>
              <td>-1</td>
              <td>2.78398</td>
              <td>2.79103</td>
              <td>277575.3709</td>
              <td>278087.5801</td>
              <td>211577.4327</td>
              <td>210058.5522</td>
              <td>729331.951</td>
          </tr>
          <tr id="LC27" class="js-file-line">
            <td id="L27" class="blob-num js-line-number" data-line-number="27"></td>
              <td>Caltech_0051488</td>
              <td>23.3</td>
              <td>1</td>
              <td>107</td>
              <td>-1</td>
              <td>2.70965</td>
              <td>2.71637</td>
              <td>238621.6558</td>
              <td>240827.1695</td>
              <td>203840.8371</td>
              <td>203598.2776</td>
              <td>648555.8253</td>
          </tr>
          <tr id="LC28" class="js-file-line">
            <td id="L28" class="blob-num js-line-number" data-line-number="28"></td>
              <td>Caltech_0051489</td>
              <td>34.1</td>
              <td>1</td>
              <td>111</td>
              <td>-1</td>
              <td>2.53883</td>
              <td>2.51947</td>
              <td>261895.5096</td>
              <td>263495.9351</td>
              <td>256916.8849</td>
              <td>259434.8575</td>
              <td>709098.4447</td>
          </tr>
          <tr id="LC29" class="js-file-line">
            <td id="L29" class="blob-num js-line-number" data-line-number="29"></td>
              <td>Caltech_0051490</td>
              <td>44.1</td>
              <td>1</td>
              <td>108</td>
              <td>-1</td>
              <td>2.47835</td>
              <td>2.5026</td>
              <td>253365.8116</td>
              <td>256730.4406</td>
              <td>269418.8734</td>
              <td>270349.5284</td>
              <td>697156.2523</td>
          </tr>
          <tr id="LC30" class="js-file-line">
            <td id="L30" class="blob-num js-line-number" data-line-number="30"></td>
              <td>Caltech_0051491</td>
              <td>56.2</td>
              <td>1</td>
              <td>120</td>
              <td>-1</td>
              <td>2.53499</td>
              <td>2.53977</td>
              <td>236410.7595</td>
              <td>237829.4931</td>
              <td>243678.9304</td>
              <td>246418.4994</td>
              <td>646492.2526</td>
          </tr>
          <tr id="LC31" class="js-file-line">
            <td id="L31" class="blob-num js-line-number" data-line-number="31"></td>
              <td>Caltech_0051492</td>
              <td>18.7</td>
              <td>1</td>
              <td>117</td>
              <td>-1</td>
              <td>2.57473</td>
              <td>2.61754</td>
              <td>299884.2643</td>
              <td>307992.3143</td>
              <td>290159.7075</td>
              <td>291189.7913</td>
              <td>798698.5786</td>
          </tr>
          <tr id="LC32" class="js-file-line">
            <td id="L32" class="blob-num js-line-number" data-line-number="32"></td>
              <td>CMU_a_0050642</td>
              <td>33</td>
              <td>1</td>
              <td>103</td>
              <td>1</td>
              <td>2.49917</td>
              <td>2.50411</td>
              <td>248284.4019</td>
              <td>247491.0062</td>
              <td>257829.3256</td>
              <td>256202.2539</td>
              <td>693970.4081</td>
          </tr>
          <tr id="LC33" class="js-file-line">
            <td id="L33" class="blob-num js-line-number" data-line-number="33"></td>
              <td>CMU_a_0050646</td>
              <td>21</td>
              <td>1</td>
              <td>108</td>
              <td>1</td>
              <td>2.67797</td>
              <td>2.66195</td>
              <td>292793.4936</td>
              <td>298864.6104</td>
              <td>265330.5454</td>
              <td>272231.3794</td>
              <td>814299.104</td>
          </tr>
          <tr id="LC34" class="js-file-line">
            <td id="L34" class="blob-num js-line-number" data-line-number="34"></td>
              <td>CMU_a_0050647</td>
              <td>27</td>
              <td>1</td>
              <td>104</td>
              <td>1</td>
              <td>2.44731</td>
              <td>2.46863</td>
              <td>221155.1361</td>
              <td>224133.4098</td>
              <td>209955.3798</td>
              <td>210178.569</td>
              <td>629501.5459</td>
          </tr>
          <tr id="LC35" class="js-file-line">
            <td id="L35" class="blob-num js-line-number" data-line-number="35"></td>
              <td>CMU_a_0050649</td>
              <td>22</td>
              <td>1</td>
              <td>127</td>
              <td>1</td>
              <td>2.67133</td>
              <td>2.73478</td>
              <td>274707.0805</td>
              <td>280770.8758</td>
              <td>227866.6506</td>
              <td>226040.3222</td>
              <td>755163.9563</td>
          </tr>
          <tr id="LC36" class="js-file-line">
            <td id="L36" class="blob-num js-line-number" data-line-number="36"></td>
              <td>CMU_a_0050653</td>
              <td>30</td>
              <td>1</td>
              <td>134</td>
              <td>1</td>
              <td>2.52346</td>
              <td>2.52616</td>
              <td>295050.5718</td>
              <td>295720.3993</td>
              <td>300289.9496</td>
              <td>300414.2052</td>
              <td>800801.9711</td>
          </tr>
          <tr id="LC37" class="js-file-line">
            <td id="L37" class="blob-num js-line-number" data-line-number="37"></td>
              <td>CMU_a_0050654</td>
              <td>24</td>
              <td>1</td>
              <td>95</td>
              <td>1</td>
              <td>2.68379</td>
              <td>2.71079</td>
              <td>287010.1258</td>
              <td>287815.1262</td>
              <td>240890.2742</td>
              <td>237060.6619</td>
              <td>762699.252</td>
          </tr>
          <tr id="LC38" class="js-file-line">
            <td id="L38" class="blob-num js-line-number" data-line-number="38"></td>
              <td>CMU_a_0050659</td>
              <td>27</td>
              <td>1</td>
              <td>109</td>
              <td>-1</td>
              <td>2.71957</td>
              <td>2.72064</td>
              <td>330375.9259</td>
              <td>330324.5028</td>
              <td>283079.4632</td>
              <td>279521.4564</td>
              <td>887770.4287</td>
          </tr>
          <tr id="LC39" class="js-file-line">
            <td id="L39" class="blob-num js-line-number" data-line-number="39"></td>
              <td>CMU_a_0050660</td>
              <td>25</td>
              <td>1</td>
              <td>115</td>
              <td>-1</td>
              <td>2.73642</td>
              <td>2.7396</td>
              <td>279280.8085</td>
              <td>284870.1373</td>
              <td>233480.6861</td>
              <td>237715.0678</td>
              <td>756023.9457</td>
          </tr>
          <tr id="LC40" class="js-file-line">
            <td id="L40" class="blob-num js-line-number" data-line-number="40"></td>
              <td>CMU_a_0050663</td>
              <td>21</td>
              <td>1</td>
              <td>101</td>
              <td>-1</td>
              <td>2.63027</td>
              <td>2.66543</td>
              <td>292910.1699</td>
              <td>296389.4688</td>
              <td>244690.0708</td>
              <td>244943.0706</td>
              <td>790439.6387</td>
          </tr>
          <tr id="LC41" class="js-file-line">
            <td id="L41" class="blob-num js-line-number" data-line-number="41"></td>
              <td>CMU_a_0050664</td>
              <td>21</td>
              <td>1</td>
              <td>109</td>
              <td>-1</td>
              <td>2.58119</td>
              <td>2.58233</td>
              <td>262752.9409</td>
              <td>261800.1802</td>
              <td>212608.4215</td>
              <td>212107.3721</td>
              <td>725371.1211</td>
          </tr>
          <tr id="LC42" class="js-file-line">
            <td id="L42" class="blob-num js-line-number" data-line-number="42"></td>
              <td>CMU_a_0050665</td>
              <td>33</td>
              <td>1</td>
              <td>109</td>
              <td>-1</td>
              <td>2.5539</td>
              <td>2.56739</td>
              <td>237431.8158</td>
              <td>237279.8525</td>
              <td>220397.9719</td>
              <td>219823.8375</td>
              <td>664628.6683</td>
          </tr>
          <tr id="LC43" class="js-file-line">
            <td id="L43" class="blob-num js-line-number" data-line-number="43"></td>
              <td>CMU_a_0050666</td>
              <td>31</td>
              <td>1</td>
              <td>107</td>
              <td>-1</td>
              <td>2.59357</td>
              <td>2.5572</td>
              <td>315076.4952</td>
              <td>311383.8363</td>
              <td>325007.5466</td>
              <td>326918.5524</td>
              <td>834042.3315</td>
          </tr>
          <tr id="LC44" class="js-file-line">
            <td id="L44" class="blob-num js-line-number" data-line-number="44"></td>
              <td>CMU_a_0050668</td>
              <td>25</td>
              <td>1</td>
              <td>110</td>
              <td>-1</td>
              <td>2.65292</td>
              <td>2.65361</td>
              <td>250916.1418</td>
              <td>250974.2441</td>
              <td>236929.4482</td>
              <td>236705.3871</td>
              <td>694372.3859</td>
          </tr>
          <tr id="LC45" class="js-file-line">
            <td id="L45" class="blob-num js-line-number" data-line-number="45"></td>
              <td>CMU_b_0050643</td>
              <td>21</td>
              <td>1</td>
              <td>123</td>
              <td>1</td>
              <td>2.65493</td>
              <td>2.66342</td>
              <td>257398.3828</td>
              <td>256875.2263</td>
              <td>227202.0381</td>
              <td>229463.3014</td>
              <td>712427.6091</td>
          </tr>
          <tr id="LC46" class="js-file-line">
            <td id="L46" class="blob-num js-line-number" data-line-number="46"></td>
              <td>CMU_b_0050645</td>
              <td>20</td>
              <td>1</td>
              <td>124</td>
              <td>1</td>
              <td>2.58149</td>
              <td>2.58901</td>
              <td>264306.9324</td>
              <td>260832.9554</td>
              <td>242044.581</td>
              <td>238686.4183</td>
              <td>721752.8878</td>
          </tr>
          <tr id="LC47" class="js-file-line">
            <td id="L47" class="blob-num js-line-number" data-line-number="47"></td>
              <td>CMU_b_0050651</td>
              <td>39</td>
              <td>1</td>
              <td>116</td>
              <td>1</td>
              <td>2.47291</td>
              <td>2.4484</td>
              <td>306868.3384</td>
              <td>306172.8524</td>
              <td>308865.5462</td>
              <td>306942.3902</td>
              <td>818621.1908</td>
          </tr>
          <tr id="LC48" class="js-file-line">
            <td id="L48" class="blob-num js-line-number" data-line-number="48"></td>
              <td>CMU_b_0050652</td>
              <td>24</td>
              <td>1</td>
              <td>118</td>
              <td>1</td>
              <td>2.66092</td>
              <td>2.67262</td>
              <td>287967.1914</td>
              <td>288731.5184</td>
              <td>248910.8832</td>
              <td>244368.3206</td>
              <td>790483.7098</td>
          </tr>
          <tr id="LC49" class="js-file-line">
            <td id="L49" class="blob-num js-line-number" data-line-number="49"></td>
              <td>CMU_b_0050655</td>
              <td>27</td>
              <td>1</td>
              <td>100</td>
              <td>1</td>
              <td>2.52958</td>
              <td>2.5152</td>
              <td>325461.6615</td>
              <td>330669.8862</td>
              <td>298000.7938</td>
              <td>302673.8713</td>
              <td>866871.5477</td>
          </tr>
          <tr id="LC50" class="js-file-line">
            <td id="L50" class="blob-num js-line-number" data-line-number="50"></td>
              <td>CMU_b_0050657</td>
              <td>21</td>
              <td>1</td>
              <td>120</td>
              <td>-1</td>
              <td>2.73778</td>
              <td>2.71831</td>
              <td>313972.6991</td>
              <td>314385.3662</td>
              <td>251102.6997</td>
              <td>251686.9511</td>
              <td>831988.0653</td>
          </tr>
          <tr id="LC51" class="js-file-line">
            <td id="L51" class="blob-num js-line-number" data-line-number="51"></td>
              <td>CMU_b_0050658</td>
              <td>27</td>
              <td>1</td>
              <td>103</td>
              <td>-1</td>
              <td>2.59067</td>
              <td>2.60555</td>
              <td>294540.8261</td>
              <td>299177.6328</td>
              <td>275506.2416</td>
              <td>278249.0435</td>
              <td>792687.4589</td>
          </tr>
          <tr id="LC52" class="js-file-line">
            <td id="L52" class="blob-num js-line-number" data-line-number="52"></td>
              <td>CMU_b_0050667</td>
              <td>40</td>
              <td>1</td>
              <td>128</td>
              <td>-1</td>
              <td>2.64588</td>
              <td>2.64235</td>
              <td>266121.3734</td>
              <td>269212.6174</td>
              <td>254232.1436</td>
              <td>259118.7406</td>
              <td>724178.9908</td>
          </tr>
          <tr id="LC53" class="js-file-line">
            <td id="L53" class="blob-num js-line-number" data-line-number="53"></td>
              <td>KKI_0050772</td>
              <td>12.77</td>
              <td>1</td>
              <td>98</td>
              <td>-1</td>
              <td>2.69743</td>
              <td>2.6702</td>
              <td>312261.0978</td>
              <td>309884.0619</td>
              <td>219909.8746</td>
              <td>218686.0196</td>
              <td>818633.1597</td>
          </tr>
          <tr id="LC54" class="js-file-line">
            <td id="L54" class="blob-num js-line-number" data-line-number="54"></td>
              <td>KKI_0050773</td>
              <td>10.84</td>
              <td>1</td>
              <td>124</td>
              <td>-1</td>
              <td>2.8058</td>
              <td>2.86809</td>
              <td>330187.8775</td>
              <td>339204.8048</td>
              <td>226129.3941</td>
              <td>224839.8155</td>
              <td>864689.6823</td>
          </tr>
          <tr id="LC55" class="js-file-line">
            <td id="L55" class="blob-num js-line-number" data-line-number="55"></td>
              <td>KKI_0050774</td>
              <td>10.64</td>
              <td>1</td>
              <td>124</td>
              <td>-1</td>
              <td>2.79737</td>
              <td>2.77424</td>
              <td>340607.0345</td>
              <td>340349.521</td>
              <td>237570.8173</td>
              <td>237919.7026</td>
              <td>868565.5555</td>
          </tr>
          <tr id="LC56" class="js-file-line">
            <td id="L56" class="blob-num js-line-number" data-line-number="56"></td>
              <td>KKI_0050775</td>
              <td>11</td>
              <td>1</td>
              <td>101</td>
              <td>-1</td>
              <td>2.67774</td>
              <td>2.7227</td>
              <td>334207.9657</td>
              <td>343126.2429</td>
              <td>240681.8384</td>
              <td>242672.8366</td>
              <td>866965.2086</td>
          </tr>
          <tr id="LC57" class="js-file-line">
            <td id="L57" class="blob-num js-line-number" data-line-number="57"></td>
              <td>KKI_0050776</td>
              <td>9.3</td>
              <td>1</td>
              <td>102</td>
              <td>-1</td>
              <td>2.73929</td>
              <td>2.83358</td>
              <td>290522.6695</td>
              <td>297769.1767</td>
              <td>185330.8356</td>
              <td>183610.6611</td>
              <td>758078.8462</td>
          </tr>
          <tr id="LC58" class="js-file-line">
            <td id="L58" class="blob-num js-line-number" data-line-number="58"></td>
              <td>KKI_0050777</td>
              <td>8.39</td>
              <td>1</td>
              <td>125</td>
              <td>-1</td>
              <td>2.85584</td>
              <td>2.85162</td>
              <td>355482.0503</td>
              <td>360848.8486</td>
              <td>237906.4713</td>
              <td>240913.5818</td>
              <td>929782.8989</td>
          </tr>
          <tr id="LC59" class="js-file-line">
            <td id="L59" class="blob-num js-line-number" data-line-number="59"></td>
              <td>KKI_0050779</td>
              <td>9.41</td>
              <td>1</td>
              <td>105</td>
              <td>-1</td>
              <td>2.58165</td>
              <td>2.60594</td>
              <td>230820.0446</td>
              <td>229053.8229</td>
              <td>164703.5011</td>
              <td>164431.5603</td>
              <td>630417.8675</td>
          </tr>
          <tr id="LC60" class="js-file-line">
            <td id="L60" class="blob-num js-line-number" data-line-number="60"></td>
              <td>KKI_0050781</td>
              <td>9.3</td>
              <td>1</td>
              <td>120</td>
              <td>-1</td>
              <td>2.75794</td>
              <td>2.76129</td>
              <td>315563.7965</td>
              <td>319637.538</td>
              <td>204940.5557</td>
              <td>207000.3142</td>
              <td>816252.3344</td>
          </tr>
          <tr id="LC61" class="js-file-line">
            <td id="L61" class="blob-num js-line-number" data-line-number="61"></td>
              <td>KKI_0050782</td>
              <td>10.18</td>
              <td>1</td>
              <td>108</td>
              <td>-1</td>
              <td>2.84497</td>
              <td>2.80953</td>
              <td>302724.6477</td>
              <td>301270.8861</td>
              <td>205509.5827</td>
              <td>204815.1556</td>
              <td>779750.5338</td>
          </tr>
          <tr id="LC62" class="js-file-line">
            <td id="L62" class="blob-num js-line-number" data-line-number="62"></td>
              <td>KKI_0050785</td>
              <td>10.37</td>
              <td>1</td>
              <td>102</td>
              <td>-1</td>
              <td>2.57433</td>
              <td>2.72141</td>
              <td>213190.7503</td>
              <td>238499.6461</td>
              <td>159845.9878</td>
              <td>168361.624</td>
              <td>639867.3964</td>
          </tr>
          <tr id="LC63" class="js-file-line">
            <td id="L63" class="blob-num js-line-number" data-line-number="63"></td>
              <td>KKI_0050786</td>
              <td>8.75</td>
              <td>1</td>
              <td>112</td>
              <td>-1</td>
              <td>2.66304</td>
              <td>2.69592</td>
              <td>305458.9759</td>
              <td>307606.7907</td>
              <td>212893.2499</td>
              <td>211264.9177</td>
              <td>807981.7666</td>
          </tr>
          <tr id="LC64" class="js-file-line">
            <td id="L64" class="blob-num js-line-number" data-line-number="64"></td>
              <td>KKI_0050787</td>
              <td>10.82</td>
              <td>1</td>
              <td>117</td>
              <td>-1</td>
              <td>2.49091</td>
              <td>2.54226</td>
              <td>259337.5888</td>
              <td>263636.8991</td>
              <td>242297.3114</td>
              <td>246366.883</td>
              <td>697708.4878</td>
          </tr>
          <tr id="LC65" class="js-file-line">
            <td id="L65" class="blob-num js-line-number" data-line-number="65"></td>
              <td>KKI_0050789</td>
              <td>9.31</td>
              <td>1</td>
              <td>114</td>
              <td>-1</td>
              <td>2.58763</td>
              <td>2.58443</td>
              <td>300935.0165</td>
              <td>302547.4298</td>
              <td>230321.8034</td>
              <td>231940.8843</td>
              <td>807737.4463</td>
          </tr>
          <tr id="LC66" class="js-file-line">
            <td id="L66" class="blob-num js-line-number" data-line-number="66"></td>
              <td>KKI_0050791</td>
              <td>10.18</td>
              <td>1</td>
              <td>69</td>
              <td>1</td>
              <td>2.83264</td>
              <td>2.85911</td>
              <td>366707.8245</td>
              <td>373813.9644</td>
              <td>239754.5212</td>
              <td>239874.7374</td>
              <td>935056.7889</td>
          </tr>
          <tr id="LC67" class="js-file-line">
            <td id="L67" class="blob-num js-line-number" data-line-number="67"></td>
              <td>KKI_0050793</td>
              <td>8.4</td>
              <td>1</td>
              <td>114</td>
              <td>1</td>
              <td>2.859</td>
              <td>2.96397</td>
              <td>295213.1385</td>
              <td>300087.3926</td>
              <td>190973.3739</td>
              <td>190890.872</td>
              <td>762157.5311</td>
          </tr>
          <tr id="LC68" class="js-file-line">
            <td id="L68" class="blob-num js-line-number" data-line-number="68"></td>
              <td>KKI_0050794</td>
              <td>9.66</td>
              <td>1</td>
              <td>90</td>
              <td>1</td>
              <td>2.64298</td>
              <td>2.70182</td>
              <td>279676.9043</td>
              <td>287701.0887</td>
              <td>200936.6151</td>
              <td>204957.6797</td>
              <td>754769.993</td>
          </tr>
          <tr id="LC69" class="js-file-line">
            <td id="L69" class="blob-num js-line-number" data-line-number="69"></td>
              <td>KKI_0050797</td>
              <td>12.54</td>
              <td>1</td>
              <td>90</td>
              <td>1</td>
              <td>2.6561</td>
              <td>2.68757</td>
              <td>308099.2435</td>
              <td>314817.5091</td>
              <td>222703.9418</td>
              <td>223614.1841</td>
              <td>803660.7526</td>
          </tr>
          <tr id="LC70" class="js-file-line">
            <td id="L70" class="blob-num js-line-number" data-line-number="70"></td>
              <td>KKI_0050799</td>
              <td>11.14</td>
              <td>1</td>
              <td>84</td>
              <td>1</td>
              <td>2.71253</td>
              <td>2.73787</td>
              <td>295786.0171</td>
              <td>300341.6434</td>
              <td>210472.6734</td>
              <td>210116.0512</td>
              <td>767101.6605</td>
          </tr>
          <tr id="LC71" class="js-file-line">
            <td id="L71" class="blob-num js-line-number" data-line-number="71"></td>
              <td>KKI_0050800</td>
              <td>11.76</td>
              <td>1</td>
              <td>77</td>
              <td>1</td>
              <td>2.67324</td>
              <td>2.67426</td>
              <td>388122.014</td>
              <td>394743.1186</td>
              <td>319280.7369</td>
              <td>320025.9099</td>
              <td>986759.1326</td>
          </tr>
          <tr id="LC72" class="js-file-line">
            <td id="L72" class="blob-num js-line-number" data-line-number="72"></td>
              <td>KKI_0050801</td>
              <td>11.27</td>
              <td>1</td>
              <td>131</td>
              <td>1</td>
              <td>2.67415</td>
              <td>2.72246</td>
              <td>304098.2493</td>
              <td>309019.8493</td>
              <td>211648.5781</td>
              <td>210916.667</td>
              <td>784859.0986</td>
          </tr>
          <tr id="LC73" class="js-file-line">
            <td id="L73" class="blob-num js-line-number" data-line-number="73"></td>
              <td>KKI_0050802</td>
              <td>8.2</td>
              <td>1</td>
              <td>104</td>
              <td>1</td>
              <td>2.90937</td>
              <td>2.89911</td>
              <td>316706.2186</td>
              <td>323909.9313</td>
              <td>204034.5103</td>
              <td>205623.726</td>
              <td>847388.1499</td>
          </tr>
          <tr id="LC74" class="js-file-line">
            <td id="L74" class="blob-num js-line-number" data-line-number="74"></td>
              <td>KKI_0050803</td>
              <td>8.45</td>
              <td>1</td>
              <td>88</td>
              <td>1</td>
              <td>2.85131</td>
              <td>2.82513</td>
              <td>330709.5723</td>
              <td>336076.3348</td>
              <td>209858.4057</td>
              <td>210399.7288</td>
              <td>846718.9071</td>
          </tr>
          <tr id="LC75" class="js-file-line">
            <td id="L75" class="blob-num js-line-number" data-line-number="75"></td>
              <td>KKI_0050804</td>
              <td>8.33</td>
              <td>1</td>
              <td>78</td>
              <td>1</td>
              <td>2.73448</td>
              <td>2.79104</td>
              <td>320551.5857</td>
              <td>324233.7821</td>
              <td>228105.9691</td>
              <td>225406.0672</td>
              <td>847164.3678</td>
          </tr>
          <tr id="LC76" class="js-file-line">
            <td id="L76" class="blob-num js-line-number" data-line-number="76"></td>
              <td>KKI_0050805</td>
              <td>11.33</td>
              <td>1</td>
              <td>95</td>
              <td>1</td>
              <td>2.71229</td>
              <td>2.71385</td>
              <td>319579.1323</td>
              <td>322009.7908</td>
              <td>238765.9552</td>
              <td>238870.2866</td>
              <td>833006.9231</td>
          </tr>
          <tr id="LC77" class="js-file-line">
            <td id="L77" class="blob-num js-line-number" data-line-number="77"></td>
              <td>KKI_0050806</td>
              <td>8.48</td>
              <td>1</td>
              <td>77</td>
              <td>1</td>
              <td>2.68212</td>
              <td>2.69501</td>
              <td>284006.1321</td>
              <td>291464.9787</td>
              <td>190073.6246</td>
              <td>191530.1492</td>
              <td>748380.1108</td>
          </tr>
          <tr id="LC78" class="js-file-line">
            <td id="L78" class="blob-num js-line-number" data-line-number="78"></td>
              <td>KKI_0050807</td>
              <td>10.65</td>
              <td>1</td>
              <td>84</td>
              <td>1</td>
              <td>2.75251</td>
              <td>2.77134</td>
              <td>300472.7605</td>
              <td>306727.4765</td>
              <td>221435.4682</td>
              <td>221550.4118</td>
              <td>791617.2371</td>
          </tr>
          <tr id="LC79" class="js-file-line">
            <td id="L79" class="blob-num js-line-number" data-line-number="79"></td>
              <td>KKI_0050808</td>
              <td>11.09</td>
              <td>1</td>
              <td>125</td>
              <td>-1</td>
              <td>2.75013</td>
              <td>2.78731</td>
              <td>312360.6047</td>
              <td>312810.0121</td>
              <td>230385.1824</td>
              <td>228895.9273</td>
              <td>812596.6169</td>
          </tr>
          <tr id="LC80" class="js-file-line">
            <td id="L80" class="blob-num js-line-number" data-line-number="80"></td>
              <td>KKI_0050809</td>
              <td>8.43</td>
              <td>1</td>
              <td>118</td>
              <td>-1</td>
              <td>2.77374</td>
              <td>2.84521</td>
              <td>328484.6817</td>
              <td>328978.1761</td>
              <td>228050.9878</td>
              <td>224491.0738</td>
              <td>863437.8578</td>
          </tr>
          <tr id="LC81" class="js-file-line">
            <td id="L81" class="blob-num js-line-number" data-line-number="81"></td>
              <td>KKI_0050811</td>
              <td>12.76</td>
              <td>1</td>
              <td>118</td>
              <td>-1</td>
              <td>2.69499</td>
              <td>2.72241</td>
              <td>326161.6106</td>
              <td>327504.2385</td>
              <td>252304.7823</td>
              <td>249945.2552</td>
              <td>843697.8491</td>
          </tr>
          <tr id="LC82" class="js-file-line">
            <td id="L82" class="blob-num js-line-number" data-line-number="82"></td>
              <td>KKI_0050813</td>
              <td>10.79</td>
              <td>1</td>
              <td>125</td>
              <td>-1</td>
              <td>2.67375</td>
              <td>2.7232</td>
              <td>275081.7839</td>
              <td>281039.0591</td>
              <td>183137.794</td>
              <td>184982.5628</td>
              <td>723075.843</td>
          </tr>
          <tr id="LC83" class="js-file-line">
            <td id="L83" class="blob-num js-line-number" data-line-number="83"></td>
              <td>KKI_0050814</td>
              <td>8.46</td>
              <td>1</td>
              <td>108</td>
              <td>-1</td>
              <td>2.79114</td>
              <td>2.80769</td>
              <td>351159.2271</td>
              <td>355034.3481</td>
              <td>237160.6257</td>
              <td>237997.0855</td>
              <td>885500.5753</td>
          </tr>
          <tr id="LC84" class="js-file-line">
            <td id="L84" class="blob-num js-line-number" data-line-number="84"></td>
              <td>KKI_0050815</td>
              <td>10.62</td>
              <td>1</td>
              <td>105</td>
              <td>1</td>
              <td>2.46468</td>
              <td>2.61898</td>
              <td>207923.3935</td>
              <td>219225.7215</td>
              <td>166547.161</td>
              <td>165772.6117</td>
              <td>609591.115</td>
          </tr>
          <tr id="LC85" class="js-file-line">
            <td id="L85" class="blob-num js-line-number" data-line-number="85"></td>
              <td>KKI_0050816</td>
              <td>9.73</td>
              <td>1</td>
              <td>119</td>
              <td>-1</td>
              <td>2.61261</td>
              <td>2.68739</td>
              <td>271211.4663</td>
              <td>275916.7294</td>
              <td>208920.9501</td>
              <td>210809.9645</td>
              <td>726543.1957</td>
          </tr>
          <tr id="LC86" class="js-file-line">
            <td id="L86" class="blob-num js-line-number" data-line-number="86"></td>
              <td>KKI_0050817</td>
              <td>9.97</td>
              <td>1</td>
              <td>119</td>
              <td>-1</td>
              <td>2.6059</td>
              <td>2.59762</td>
              <td>298531.0529</td>
              <td>299597.3461</td>
              <td>232919.5681</td>
              <td>234138.8432</td>
              <td>790994.3989</td>
          </tr>
          <tr id="LC87" class="js-file-line">
            <td id="L87" class="blob-num js-line-number" data-line-number="87"></td>
              <td>KKI_0050818</td>
              <td>11.79</td>
              <td>1</td>
              <td>98</td>
              <td>-1</td>
              <td>2.67119</td>
              <td>2.68771</td>
              <td>277694.1851</td>
              <td>286714.2109</td>
              <td>204423.3752</td>
              <td>202676.0249</td>
              <td>705563.396</td>
          </tr>
          <tr id="LC88" class="js-file-line">
            <td id="L88" class="blob-num js-line-number" data-line-number="88"></td>
              <td>KKI_0050819</td>
              <td>9.71</td>
              <td>1</td>
              <td>101</td>
              <td>-1</td>
              <td>2.61068</td>
              <td>2.62498</td>
              <td>296599.4432</td>
              <td>295511.2776</td>
              <td>226882.748</td>
              <td>226348.2059</td>
              <td>754247.7208</td>
          </tr>
          <tr id="LC89" class="js-file-line">
            <td id="L89" class="blob-num js-line-number" data-line-number="89"></td>
              <td>KKI_0050821</td>
              <td>11.17</td>
              <td>1</td>
              <td>114</td>
              <td>-1</td>
              <td>2.74706</td>
              <td>2.74537</td>
              <td>288553.767</td>
              <td>288993.3913</td>
              <td>195464.0875</td>
              <td>197391.6375</td>
              <td>752322.1583</td>
          </tr>
          <tr id="LC90" class="js-file-line">
            <td id="L90" class="blob-num js-line-number" data-line-number="90"></td>
              <td>KKI_0050822</td>
              <td>12.43</td>
              <td>1</td>
              <td>98</td>
              <td>-1</td>
              <td>2.7366</td>
              <td>2.71785</td>
              <td>287403.0572</td>
              <td>289101.833</td>
              <td>186943.3033</td>
              <td>187766.4997</td>
              <td>747286.8902</td>
          </tr>
          <tr id="LC91" class="js-file-line">
            <td id="L91" class="blob-num js-line-number" data-line-number="91"></td>
              <td>KKI_0050823</td>
              <td>11.37</td>
              <td>1</td>
              <td>120</td>
              <td>1</td>
              <td>2.85827</td>
              <td>2.82515</td>
              <td>314384.7485</td>
              <td>310731.0833</td>
              <td>204962.8806</td>
              <td>204171.7783</td>
              <td>805031.8318</td>
          </tr>
          <tr id="LC92" class="js-file-line">
            <td id="L92" class="blob-num js-line-number" data-line-number="92"></td>
              <td>KKI_0050824</td>
              <td>10.29</td>
              <td>1</td>
              <td>109</td>
              <td>1</td>
              <td>2.69652</td>
              <td>2.65752</td>
              <td>341267.5468</td>
              <td>337604.0251</td>
              <td>228110.4548</td>
              <td>226205.5464</td>
              <td>884041.5719</td>
          </tr>
          <tr id="LC93" class="js-file-line">
            <td id="L93" class="blob-num js-line-number" data-line-number="93"></td>
              <td>KKI_0050825</td>
              <td>8.5</td>
              <td>1</td>
              <td>89</td>
              <td>1</td>
              <td>2.6522</td>
              <td>2.7193</td>
              <td>293536.1163</td>
              <td>323067.888</td>
              <td>222160.1231</td>
              <td>238744.6561</td>
              <td>808058.0044</td>
          </tr>
          <tr id="LC94" class="js-file-line">
            <td id="L94" class="blob-num js-line-number" data-line-number="94"></td>
              <td>KKI_0050826</td>
              <td>10.57</td>
              <td>1</td>
              <td>114</td>
              <td>1</td>
              <td>2.53192</td>
              <td>2.59674</td>
              <td>231581.5233</td>
              <td>224114.2593</td>
              <td>169168.4579</td>
              <td>161051.4682</td>
              <td>642202.7825</td>
          </tr>
          <tr id="LC95" class="js-file-line">
            <td id="L95" class="blob-num js-line-number" data-line-number="95"></td>
              <td>Leuven_1_0050682</td>
              <td>23</td>
              <td>1</td>
              <td>128</td>
              <td>-1</td>
              <td>2.29432</td>
              <td>2.34157</td>
              <td>221446.7108</td>
              <td>231360.1976</td>
              <td>238584.5149</td>
              <td>237344.0549</td>
              <td>624456.9084</td>
          </tr>
          <tr id="LC96" class="js-file-line">
            <td id="L96" class="blob-num js-line-number" data-line-number="96"></td>
              <td>Leuven_1_0050683</td>
              <td>24</td>
              <td>1</td>
              <td>106</td>
              <td>-1</td>
              <td>2.52341</td>
              <td>2.50079</td>
              <td>262896.5173</td>
              <td>258743.88</td>
              <td>251244.7196</td>
              <td>249120.9397</td>
              <td>693878.3973</td>
          </tr>
          <tr id="LC97" class="js-file-line">
            <td id="L97" class="blob-num js-line-number" data-line-number="97"></td>
              <td>Leuven_1_0050685</td>
              <td>23</td>
              <td>1</td>
              <td>112</td>
              <td>-1</td>
              <td>2.49993</td>
              <td>2.49336</td>
              <td>276413.5212</td>
              <td>273973.7537</td>
              <td>280288.9367</td>
              <td>279948.4537</td>
              <td>730384.275</td>
          </tr>
          <tr id="LC98" class="js-file-line">
            <td id="L98" class="blob-num js-line-number" data-line-number="98"></td>
              <td>Leuven_1_0050686</td>
              <td>19</td>
              <td>1</td>
              <td>92</td>
              <td>1</td>
              <td>2.48105</td>
              <td>2.46755</td>
              <td>208029.7679</td>
              <td>209432.4105</td>
              <td>221392.4618</td>
              <td>223504.8425</td>
              <td>583466.1784</td>
          </tr>
          <tr id="LC99" class="js-file-line">
            <td id="L99" class="blob-num js-line-number" data-line-number="99"></td>
              <td>Leuven_1_0050687</td>
              <td>22</td>
              <td>1</td>
              <td>124</td>
              <td>-1</td>
              <td>2.51912</td>
              <td>2.56728</td>
              <td>299516.766</td>
              <td>307891.9516</td>
              <td>282841.139</td>
              <td>286329.5736</td>
              <td>800338.7176</td>
          </tr>
          <tr id="LC100" class="js-file-line">
            <td id="L100" class="blob-num js-line-number" data-line-number="100"></td>
              <td>Leuven_1_0050689</td>
              <td>21</td>
              <td>1</td>
              <td>106</td>
              <td>1</td>
              <td>2.47023</td>
              <td>2.42287</td>
              <td>292624.4309</td>
              <td>283922.2757</td>
              <td>270591.8804</td>
              <td>264889.862</td>
              <td>767626.7066</td>
          </tr>
          <tr id="LC101" class="js-file-line">
            <td id="L101" class="blob-num js-line-number" data-line-number="101"></td>
              <td>Leuven_1_0050690</td>
              <td>22</td>
              <td>1</td>
              <td>101</td>
              <td>1</td>
              <td>2.41042</td>
              <td>2.43511</td>
              <td>235395.8085</td>
              <td>240303.4535</td>
              <td>236774.0844</td>
              <td>242693.9955</td>
              <td>652752.262</td>
          </tr>
          <tr id="LC102" class="js-file-line">
            <td id="L102" class="blob-num js-line-number" data-line-number="102"></td>
              <td>Leuven_1_0050691</td>
              <td>22</td>
              <td>1</td>
              <td>146</td>
              <td>-1</td>
              <td>2.58459</td>
              <td>2.59234</td>
              <td>289786.8165</td>
              <td>293428.8578</td>
              <td>262048.3243</td>
              <td>263459.0273</td>
              <td>763885.6742</td>
          </tr>
          <tr id="LC103" class="js-file-line">
            <td id="L103" class="blob-num js-line-number" data-line-number="103"></td>
              <td>Leuven_1_0050692</td>
              <td>22</td>
              <td>1</td>
              <td>109</td>
              <td>-1</td>
              <td>2.49146</td>
              <td>2.48015</td>
              <td>304862.6419</td>
              <td>304014.5921</td>
              <td>314711.2784</td>
              <td>316632.4348</td>
              <td>815936.234</td>
          </tr>
          <tr id="LC104" class="js-file-line">
            <td id="L104" class="blob-num js-line-number" data-line-number="104"></td>
              <td>Leuven_1_0050693</td>
              <td>22</td>
              <td>1</td>
              <td>128</td>
              <td>1</td>
              <td>2.31631</td>
              <td>2.33825</td>
              <td>239121.618</td>
              <td>243314.8794</td>
              <td>233452.7183</td>
              <td>237846.4856</td>
              <td>667833.4974</td>
          </tr>
          <tr id="LC105" class="js-file-line">
            <td id="L105" class="blob-num js-line-number" data-line-number="105"></td>
              <td>Leuven_1_0050694</td>
              <td>19</td>
              <td>1</td>
              <td>109</td>
              <td>1</td>
              <td>2.50291</td>
              <td>2.57663</td>
              <td>248443.1506</td>
              <td>251900.4055</td>
              <td>239020.0689</td>
              <td>243060.1551</td>
              <td>679530.5561</td>
          </tr>
          <tr id="LC106" class="js-file-line">
            <td id="L106" class="blob-num js-line-number" data-line-number="106"></td>
              <td>Leuven_1_0050695</td>
              <td>19</td>
              <td>1</td>
              <td>101</td>
              <td>1</td>
              <td>2.56108</td>
              <td>2.5368</td>
              <td>287299.902</td>
              <td>283703.4021</td>
              <td>240359.3397</td>
              <td>240133.0734</td>
              <td>750751.3041</td>
          </tr>
          <tr id="LC107" class="js-file-line">
            <td id="L107" class="blob-num js-line-number" data-line-number="107"></td>
              <td>Leuven_1_0050696</td>
              <td>20</td>
              <td>1</td>
              <td>121</td>
              <td>1</td>
              <td>2.61477</td>
              <td>2.57969</td>
              <td>276371.9082</td>
              <td>272531.9937</td>
              <td>249217.3611</td>
              <td>254070.5706</td>
              <td>729448.902</td>
          </tr>
          <tr id="LC108" class="js-file-line">
            <td id="L108" class="blob-num js-line-number" data-line-number="108"></td>
              <td>Leuven_1_0050697</td>
              <td>19</td>
              <td>1</td>
              <td>101</td>
              <td>1</td>
              <td>2.52322</td>
              <td>2.5162</td>
              <td>243760.2288</td>
              <td>243323.8474</td>
              <td>213525.163</td>
              <td>215598.8141</td>
              <td>639505.0762</td>
          </tr>
          <tr id="LC109" class="js-file-line">
            <td id="L109" class="blob-num js-line-number" data-line-number="109"></td>
              <td>Leuven_1_0050698</td>
              <td>28</td>
              <td>1</td>
              <td>109</td>
              <td>-1</td>
              <td>2.47197</td>
              <td>2.43939</td>
              <td>281109.1312</td>
              <td>282337.2203</td>
              <td>275057.6728</td>
              <td>277567.5768</td>
              <td>753004.3515</td>
          </tr>
          <tr id="LC110" class="js-file-line">
            <td id="L110" class="blob-num js-line-number" data-line-number="110"></td>
              <td>Leuven_1_0050699</td>
              <td>21</td>
              <td>1</td>
              <td>104</td>
              <td>-1</td>
              <td>2.53685</td>
              <td>2.54332</td>
              <td>281862.2544</td>
              <td>280568.8164</td>
              <td>249569.2344</td>
              <td>250719.9534</td>
              <td>768466.0708</td>
          </tr>
          <tr id="LC111" class="js-file-line">
            <td id="L111" class="blob-num js-line-number" data-line-number="111"></td>
              <td>Leuven_1_0050700</td>
              <td>23</td>
              <td>1</td>
              <td>128</td>
              <td>1</td>
              <td>2.58144</td>
              <td>2.53087</td>
              <td>263482.4632</td>
              <td>255866.3296</td>
              <td>252386.2398</td>
              <td>252366.9579</td>
              <td>710052.7928</td>
          </tr>
          <tr id="LC112" class="js-file-line">
            <td id="L112" class="blob-num js-line-number" data-line-number="112"></td>
              <td>Leuven_1_0050701</td>
              <td>18</td>
              <td>1</td>
              <td>109</td>
              <td>-1</td>
              <td>2.42334</td>
              <td>2.43379</td>
              <td>260226.4635</td>
              <td>263026.0213</td>
              <td>223968.4979</td>
              <td>224325.9365</td>
              <td>682599.4848</td>
          </tr>
          <tr id="LC113" class="js-file-line">
            <td id="L113" class="blob-num js-line-number" data-line-number="113"></td>
              <td>Leuven_1_0050702</td>
              <td>18</td>
              <td>1</td>
              <td>100</td>
              <td>1</td>
              <td>2.76063</td>
              <td>2.74996</td>
              <td>340379.1379</td>
              <td>335309.2338</td>
              <td>293236.0087</td>
              <td>295557.5345</td>
              <td>873567.3717</td>
          </tr>
          <tr id="LC114" class="js-file-line">
            <td id="L114" class="blob-num js-line-number" data-line-number="114"></td>
              <td>Leuven_1_0050703</td>
              <td>29</td>
              <td>1</td>
              <td>108</td>
              <td>-1</td>
              <td>2.29323</td>
              <td>2.2273</td>
              <td>249176.8846</td>
              <td>244077.6088</td>
              <td>259594.1683</td>
              <td>255901.9712</td>
              <td>667956.4934</td>
          </tr>
          <tr id="LC115" class="js-file-line">
            <td id="L115" class="blob-num js-line-number" data-line-number="115"></td>
              <td>Leuven_1_0050704</td>
              <td>29</td>
              <td>1</td>
              <td>119</td>
              <td>1</td>
              <td>2.40712</td>
              <td>2.47593</td>
              <td>276967.046</td>
              <td>282417.7942</td>
              <td>315205.4858</td>
              <td>315667.9359</td>
              <td>742086.8402</td>
          </tr>
          <tr id="LC116" class="js-file-line">
            <td id="L116" class="blob-num js-line-number" data-line-number="116"></td>
              <td>Leuven_1_0050705</td>
              <td>24</td>
              <td>1</td>
              <td>111</td>
              <td>1</td>
              <td>2.51616</td>
              <td>2.46426</td>
              <td>252762.6773</td>
              <td>252095.0769</td>
              <td>229661.2007</td>
              <td>230206.1383</td>
              <td>675639.7542</td>
          </tr>
          <tr id="LC117" class="js-file-line">
            <td id="L117" class="blob-num js-line-number" data-line-number="117"></td>
              <td>Leuven_1_0050706</td>
              <td>22</td>
              <td>1</td>
              <td>134</td>
              <td>-1</td>
              <td>2.3659</td>
              <td>2.3332</td>
              <td>261359.2846</td>
              <td>260409.1483</td>
              <td>252890.4164</td>
              <td>254089.6587</td>
              <td>694699.4328</td>
          </tr>
          <tr id="LC118" class="js-file-line">
            <td id="L118" class="blob-num js-line-number" data-line-number="118"></td>
              <td>Leuven_1_0050707</td>
              <td>22</td>
              <td>1</td>
              <td>113</td>
              <td>-1</td>
              <td>2.53539</td>
              <td>2.53686</td>
              <td>245757.9907</td>
              <td>243440.3737</td>
              <td>215786.1501</td>
              <td>214591.6708</td>
              <td>670102.3644</td>
          </tr>
          <tr id="LC119" class="js-file-line">
            <td id="L119" class="blob-num js-line-number" data-line-number="119"></td>
              <td>Leuven_1_0050708</td>
              <td>32</td>
              <td>1</td>
              <td>89</td>
              <td>1</td>
              <td>2.47565</td>
              <td>2.43144</td>
              <td>222928.1179</td>
              <td>221579.6522</td>
              <td>260543.2237</td>
              <td>262349.4206</td>
              <td>630921.77</td>
          </tr>
          <tr id="LC120" class="js-file-line">
            <td id="L120" class="blob-num js-line-number" data-line-number="120"></td>
              <td>Leuven_1_0050709</td>
              <td>25</td>
              <td>1</td>
              <td>116</td>
              <td>-1</td>
              <td>2.42186</td>
              <td>2.48893</td>
              <td>265874.2755</td>
              <td>273480.1493</td>
              <td>277073.9807</td>
              <td>279855.7645</td>
              <td>708954.4248</td>
          </tr>
          <tr id="LC121" class="js-file-line">
            <td id="L121" class="blob-num js-line-number" data-line-number="121"></td>
              <td>Leuven_1_0050710</td>
              <td>27</td>
              <td>1</td>
              <td>106</td>
              <td>-1</td>
              <td>2.33838</td>
              <td>2.32805</td>
              <td>222608.2619</td>
              <td>224022.7036</td>
              <td>217235.5576</td>
              <td>221991.5909</td>
              <td>620165.9655</td>
          </tr>
          <tr id="LC122" class="js-file-line">
            <td id="L122" class="blob-num js-line-number" data-line-number="122"></td>
              <td>Leuven_1_0050711</td>
              <td>19</td>
              <td>1</td>
              <td>126</td>
              <td>1</td>
              <td>2.63629</td>
              <td>2.68007</td>
              <td>262853.734</td>
              <td>261833.9399</td>
              <td>231131.035</td>
              <td>230863.4957</td>
              <td>701879.6739</td>
          </tr>
          <tr id="LC123" class="js-file-line">
            <td id="L123" class="blob-num js-line-number" data-line-number="123"></td>
              <td>Leuven_2_0050724</td>
              <td>15.1</td>
              <td>1</td>
              <td>0</td>
              <td>-1</td>
              <td>2.62537</td>
              <td>2.64932</td>
              <td>293226.0435</td>
              <td>292992.1857</td>
              <td>243721.8369</td>
              <td>240661.7879</td>
              <td>781415.2292</td>
          </tr>
          <tr id="LC124" class="js-file-line">
            <td id="L124" class="blob-num js-line-number" data-line-number="124"></td>
              <td>Leuven_2_0050725</td>
              <td>14.2</td>
              <td>1</td>
              <td>0</td>
              <td>-1</td>
              <td>2.53919</td>
              <td>2.53332</td>
              <td>283793.5251</td>
              <td>278442.0392</td>
              <td>252587.6678</td>
              <td>253859.918</td>
              <td>749647.5644</td>
          </tr>
          <tr id="LC125" class="js-file-line">
            <td id="L125" class="blob-num js-line-number" data-line-number="125"></td>
              <td>Leuven_2_0050726</td>
              <td>16.6</td>
              <td>1</td>
              <td>0</td>
              <td>-1</td>
              <td>2.70925</td>
              <td>2.65658</td>
              <td>307868.5644</td>
              <td>298625.7022</td>
              <td>247341.1682</td>
              <td>242512.0124</td>
              <td>807133.2666</td>
          </tr>
          <tr id="LC126" class="js-file-line">
            <td id="L126" class="blob-num js-line-number" data-line-number="126"></td>
              <td>Leuven_2_0050727</td>
              <td>13.9</td>
              <td>1</td>
              <td>0</td>
              <td>-1</td>
              <td>2.6762</td>
              <td>2.65106</td>
              <td>278100.5499</td>
              <td>276878.0919</td>
              <td>223555.105</td>
              <td>222211.5742</td>
              <td>732320.6418</td>
          </tr>
          <tr id="LC127" class="js-file-line">
            <td id="L127" class="blob-num js-line-number" data-line-number="127"></td>
              <td>Leuven_2_0050728</td>
              <td>15.6</td>
              <td>1</td>
              <td>0</td>
              <td>-1</td>
              <td>2.6409</td>
              <td>2.68523</td>
              <td>253662.7025</td>
              <td>256752.7292</td>
              <td>217820.9402</td>
              <td>217087.4402</td>
              <td>686505.4317</td>
          </tr>
          <tr id="LC128" class="js-file-line">
            <td id="L128" class="blob-num js-line-number" data-line-number="128"></td>
              <td>Leuven_2_0050731</td>
              <td>16.2</td>
              <td>1</td>
              <td>0</td>
              <td>-1</td>
              <td>2.45223</td>
              <td>2.46407</td>
              <td>270113.0478</td>
              <td>271394.8791</td>
              <td>267176.3799</td>
              <td>269870.5523</td>
              <td>716096.9269</td>
          </tr>
          <tr id="LC129" class="js-file-line">
            <td id="L129" class="blob-num js-line-number" data-line-number="129"></td>
              <td>Leuven_2_0050732</td>
              <td>12.4</td>
              <td>1</td>
              <td>0</td>
              <td>-1</td>
              <td>2.58667</td>
              <td>2.66012</td>
              <td>298131.4677</td>
              <td>302690.5404</td>
              <td>258909.0778</td>
              <td>259678.2868</td>
              <td>814114.0081</td>
          </tr>
          <tr id="LC130" class="js-file-line">
            <td id="L130" class="blob-num js-line-number" data-line-number="130"></td>
              <td>Leuven_2_0050733</td>
              <td>14.7</td>
              <td>1</td>
              <td>0</td>
              <td>-1</td>
              <td>2.59801</td>
              <td>2.62582</td>
              <td>270959.5153</td>
              <td>268507.8811</td>
              <td>225331.7217</td>
              <td>222203.813</td>
              <td>729058.3964</td>
          </tr>
          <tr id="LC131" class="js-file-line">
            <td id="L131" class="blob-num js-line-number" data-line-number="131"></td>
              <td>Leuven_2_0050734</td>
              <td>16.6</td>
              <td>1</td>
              <td>0</td>
              <td>-1</td>
              <td>2.56369</td>
              <td>2.52236</td>
              <td>263322.6709</td>
              <td>263783.753</td>
              <td>224317.0152</td>
              <td>228298.1216</td>
              <td>699837.4239</td>
          </tr>
          <tr id="LC132" class="js-file-line">
            <td id="L132" class="blob-num js-line-number" data-line-number="132"></td>
              <td>Leuven_2_0050737</td>
              <td>12.2</td>
              <td>1</td>
              <td>0</td>
              <td>-1</td>
              <td>2.83846</td>
              <td>2.70643</td>
              <td>320992.6975</td>
              <td>307169.8858</td>
              <td>245597.8784</td>
              <td>241363.2825</td>
              <td>835688.5833</td>
          </tr>
          <tr id="LC133" class="js-file-line">
            <td id="L133" class="blob-num js-line-number" data-line-number="133"></td>
              <td>Leuven_2_0050738</td>
              <td>12.8</td>
              <td>1</td>
              <td>0</td>
              <td>-1</td>
              <td>2.59659</td>
              <td>2.63103</td>
              <td>298327.2085</td>
              <td>304604.8556</td>
              <td>245513.6398</td>
              <td>246944.1386</td>
              <td>780432.064</td>
          </tr>
          <tr id="LC134" class="js-file-line">
            <td id="L134" class="blob-num js-line-number" data-line-number="134"></td>
              <td>Leuven_2_0050739</td>
              <td>15.2</td>
              <td>1</td>
              <td>0</td>
              <td>-1</td>
              <td>2.51938</td>
              <td>2.60947</td>
              <td>304441.318</td>
              <td>315252.1204</td>
              <td>279669.2795</td>
              <td>280229.5837</td>
              <td>800736.4385</td>
          </tr>
          <tr id="LC135" class="js-file-line">
            <td id="L135" class="blob-num js-line-number" data-line-number="135"></td>
              <td>Leuven_2_0050740</td>
              <td>12.4</td>
              <td>1</td>
              <td>0</td>
              <td>-1</td>
              <td>2.74442</td>
              <td>2.68198</td>
              <td>305305.6845</td>
              <td>304633.7764</td>
              <td>233384.4025</td>
              <td>236444.9173</td>
              <td>785521.461</td>
          </tr>
          <tr id="LC136" class="js-file-line">
            <td id="L136" class="blob-num js-line-number" data-line-number="136"></td>
              <td>Leuven_2_0050741</td>
              <td>14.2</td>
              <td>1</td>
              <td>0</td>
              <td>-1</td>
              <td>2.70025</td>
              <td>2.69827</td>
              <td>287496.3009</td>
              <td>285430.8212</td>
              <td>242204.5753</td>
              <td>241967.3087</td>
              <td>752473.1221</td>
          </tr>
          <tr id="LC137" class="js-file-line">
            <td id="L137" class="blob-num js-line-number" data-line-number="137"></td>
              <td>Leuven_2_0050742</td>
              <td>16.9</td>
              <td>1</td>
              <td>0</td>
              <td>-1</td>
              <td>2.65957</td>
              <td>2.66219</td>
              <td>295985.2372</td>
              <td>296189.6422</td>
              <td>252182.8806</td>
              <td>253665.0754</td>
              <td>784740.8793</td>
          </tr>
          <tr id="LC138" class="js-file-line">
            <td id="L138" class="blob-num js-line-number" data-line-number="138"></td>
              <td>Leuven_2_0050745</td>
              <td>13</td>
              <td>1</td>
              <td>0</td>
              <td>1</td>
              <td>2.68633</td>
              <td>2.73179</td>
              <td>273955.8147</td>
              <td>278148.4881</td>
              <td>216064.2699</td>
              <td>216545.7322</td>
              <td>717995.3028</td>
          </tr>
          <tr id="LC139" class="js-file-line">
            <td id="L139" class="blob-num js-line-number" data-line-number="139"></td>
              <td>Leuven_2_0050746</td>
              <td>13.8</td>
              <td>1</td>
              <td>0</td>
              <td>1</td>
              <td>2.5155</td>
              <td>2.46924</td>
              <td>263111.2589</td>
              <td>261258.1061</td>
              <td>203447.1302</td>
              <td>203406.3757</td>
              <td>703952.365</td>
          </tr>
          <tr id="LC140" class="js-file-line">
            <td id="L140" class="blob-num js-line-number" data-line-number="140"></td>
              <td>Leuven_2_0050747</td>
              <td>14.2</td>
              <td>1</td>
              <td>0</td>
              <td>1</td>
              <td>2.70209</td>
              <td>2.63297</td>
              <td>294060.6874</td>
              <td>291859.9599</td>
              <td>259536.9733</td>
              <td>261080.4401</td>
              <td>771992.6473</td>
          </tr>
          <tr id="LC141" class="js-file-line">
            <td id="L141" class="blob-num js-line-number" data-line-number="141"></td>
              <td>Leuven_2_0050748</td>
              <td>14.2</td>
              <td>1</td>
              <td>0</td>
              <td>1</td>
              <td>2.80255</td>
              <td>2.75834</td>
              <td>281894.4687</td>
              <td>277079.3703</td>
              <td>218871.6543</td>
              <td>217090.6039</td>
              <td>725968.8391</td>
          </tr>
          <tr id="LC142" class="js-file-line">
            <td id="L142" class="blob-num js-line-number" data-line-number="142"></td>
              <td>Leuven_2_0050750</td>
              <td>16.8</td>
              <td>1</td>
              <td>0</td>
              <td>1</td>
              <td>2.4981</td>
              <td>2.55857</td>
              <td>272442.513</td>
              <td>277283.7763</td>
              <td>255939.6123</td>
              <td>253701.6236</td>
              <td>728011.2893</td>
          </tr>
          <tr id="LC143" class="js-file-line">
            <td id="L143" class="blob-num js-line-number" data-line-number="143"></td>
              <td>Leuven_2_0050751</td>
              <td>12.1</td>
              <td>1</td>
              <td>0</td>
              <td>1</td>
              <td>2.81686</td>
              <td>2.85364</td>
              <td>273210.8691</td>
              <td>276076.0608</td>
              <td>195601.9518</td>
              <td>197153.3087</td>
              <td>725579.9298</td>
          </tr>
          <tr id="LC144" class="js-file-line">
            <td id="L144" class="blob-num js-line-number" data-line-number="144"></td>
              <td>Leuven_2_0050752</td>
              <td>14.7</td>
              <td>1</td>
              <td>0</td>
              <td>1</td>
              <td>2.54194</td>
              <td>2.5708</td>
              <td>268939.081</td>
              <td>272451.0153</td>
              <td>232081.8963</td>
              <td>236141.4942</td>
              <td>717608.0963</td>
          </tr>
          <tr id="LC145" class="js-file-line">
            <td id="L145" class="blob-num js-line-number" data-line-number="145"></td>
              <td>Leuven_2_0050753</td>
              <td>14.3</td>
              <td>1</td>
              <td>0</td>
              <td>1</td>
              <td>2.52578</td>
              <td>2.58957</td>
              <td>279875.6029</td>
              <td>286620.6523</td>
              <td>242592.018</td>
              <td>244917.736</td>
              <td>734070.2552</td>
          </tr>
          <tr id="LC146" class="js-file-line">
            <td id="L146" class="blob-num js-line-number" data-line-number="146"></td>
              <td>Leuven_2_0050754</td>
              <td>12.3</td>
              <td>1</td>
              <td>0</td>
              <td>1</td>
              <td>2.65379</td>
              <td>2.58337</td>
              <td>319488.4197</td>
              <td>311014.7179</td>
              <td>239273.939</td>
              <td>240137.079</td>
              <td>824804.1376</td>
          </tr>
          <tr id="LC147" class="js-file-line">
            <td id="L147" class="blob-num js-line-number" data-line-number="147"></td>
              <td>Leuven_2_0050755</td>
              <td>12.2</td>
              <td>1</td>
              <td>0</td>
              <td>1</td>
              <td>2.81248</td>
              <td>2.78043</td>
              <td>302237.1434</td>
              <td>305521.4117</td>
              <td>230082.6115</td>
              <td>230620.8089</td>
              <td>786832.5551</td>
          </tr>
          <tr id="LC148" class="js-file-line">
            <td id="L148" class="blob-num js-line-number" data-line-number="148"></td>
              <td>Leuven_2_0050756</td>
              <td>14.9</td>
              <td>1</td>
              <td>0</td>
              <td>1</td>
              <td>2.6245</td>
              <td>2.59424</td>
              <td>288887.906</td>
              <td>286296.6491</td>
              <td>258421.0857</td>
              <td>256037.2138</td>
              <td>766027.555</td>
          </tr>
          <tr id="LC149" class="js-file-line">
            <td id="L149" class="blob-num js-line-number" data-line-number="149"></td>
              <td>Leuven_2_0050757</td>
              <td>14.3</td>
              <td>1</td>
              <td>0</td>
              <td>1</td>
              <td>2.73478</td>
              <td>2.64808</td>
              <td>263933.8468</td>
              <td>261288.3272</td>
              <td>200801.332</td>
              <td>201652.1645</td>
              <td>685414.174</td>
          </tr>
          <tr id="LC150" class="js-file-line">
            <td id="L150" class="blob-num js-line-number" data-line-number="150"></td>
              <td>MaxMun_a_0051318</td>
              <td>19</td>
              <td>1</td>
              <td>93</td>
              <td>1</td>
              <td>2.51159</td>
              <td>2.49536</td>
              <td>278663.6933</td>
              <td>281533.0517</td>
              <td>251887.7863</td>
              <td>249780.3186</td>
              <td>749161.7449</td>
          </tr>
          <tr id="LC151" class="js-file-line">
            <td id="L151" class="blob-num js-line-number" data-line-number="151"></td>
              <td>MaxMun_a_0051319</td>
              <td>33</td>
              <td>1</td>
              <td>118</td>
              <td>1</td>
              <td>2.52811</td>
              <td>2.53274</td>
              <td>276090.3507</td>
              <td>280332.6027</td>
              <td>241620.3777</td>
              <td>243531.7853</td>
              <td>745789.9534</td>
          </tr>
          <tr id="LC152" class="js-file-line">
            <td id="L152" class="blob-num js-line-number" data-line-number="152"></td>
              <td>MaxMun_a_0051320</td>
              <td>31</td>
              <td>1</td>
              <td>110</td>
              <td>1</td>
              <td>2.38097</td>
              <td>2.403</td>
              <td>244999.6609</td>
              <td>246882.9006</td>
              <td>273738.7515</td>
              <td>274238.1031</td>
              <td>670064.5615</td>
          </tr>
          <tr id="LC153" class="js-file-line">
            <td id="L153" class="blob-num js-line-number" data-line-number="153"></td>
              <td>MaxMun_a_0051362</td>
              <td>33</td>
              <td>1</td>
              <td>114</td>
              <td>-1</td>
              <td>2.31819</td>
              <td>2.38672</td>
              <td>214036.9575</td>
              <td>218949.0608</td>
              <td>219192.958</td>
              <td>219057.1847</td>
              <td>587755.0183</td>
          </tr>
          <tr id="LC154" class="js-file-line">
            <td id="L154" class="blob-num js-line-number" data-line-number="154"></td>
              <td>MaxMun_a_0051363</td>
              <td>32</td>
              <td>1</td>
              <td>112</td>
              <td>-1</td>
              <td>2.46235</td>
              <td>2.45712</td>
              <td>218841.5544</td>
              <td>218509.4026</td>
              <td>208955.5981</td>
              <td>207584.6797</td>
              <td>593692.957</td>
          </tr>
          <tr id="LC155" class="js-file-line">
            <td id="L155" class="blob-num js-line-number" data-line-number="155"></td>
              <td>MaxMun_a_0051364</td>
              <td>26</td>
              <td>1</td>
              <td>122</td>
              <td>-1</td>
              <td>2.58366</td>
              <td>2.57162</td>
              <td>289156.9033</td>
              <td>291023.925</td>
              <td>231178.9921</td>
              <td>232220.4925</td>
              <td>755160.8283</td>
          </tr>
          <tr id="LC156" class="js-file-line">
            <td id="L156" class="blob-num js-line-number" data-line-number="156"></td>
              <td>MaxMun_a_0051365</td>
              <td>23</td>
              <td>1</td>
              <td>105</td>
              <td>-1</td>
              <td>2.53881</td>
              <td>2.47586</td>
              <td>232343.6801</td>
              <td>231196.9482</td>
              <td>206826.905</td>
              <td>204864.8287</td>
              <td>627468.6283</td>
          </tr>
          <tr id="LC157" class="js-file-line">
            <td id="L157" class="blob-num js-line-number" data-line-number="157"></td>
              <td>MaxMun_a_0051367</td>
              <td>21</td>
              <td>1</td>
              <td>112</td>
              <td>-1</td>
              <td>2.50632</td>
              <td>2.50171</td>
              <td>252106.5281</td>
              <td>254221.9426</td>
              <td>231969.9398</td>
              <td>232466.4882</td>
              <td>694203.4707</td>
          </tr>
          <tr id="LC158" class="js-file-line">
            <td id="L158" class="blob-num js-line-number" data-line-number="158"></td>
              <td>MaxMun_a_0051369</td>
              <td>32</td>
              <td>1</td>
              <td>96</td>
              <td>-1</td>
              <td>2.35238</td>
              <td>2.35247</td>
              <td>285882.9058</td>
              <td>290430.4552</td>
              <td>245523.9625</td>
              <td>254332.7164</td>
              <td>751921.361</td>
          </tr>
          <tr id="LC159" class="js-file-line">
            <td id="L159" class="blob-num js-line-number" data-line-number="159"></td>
              <td>MaxMun_a_0051371</td>
              <td>48</td>
              <td>1</td>
              <td>99</td>
              <td>-1</td>
              <td>2.40149</td>
              <td>2.39414</td>
              <td>246872.7585</td>
              <td>247952.173</td>
              <td>228645.6046</td>
              <td>224473.0968</td>
              <td>661058.9315</td>
          </tr>
          <tr id="LC160" class="js-file-line">
            <td id="L160" class="blob-num js-line-number" data-line-number="160"></td>
              <td>MaxMun_a_0051373</td>
              <td>46</td>
              <td>1</td>
              <td>119</td>
              <td>-1</td>
              <td>2.38817</td>
              <td>2.4816</td>
              <td>312963.4969</td>
              <td>314701.901</td>
              <td>315720.5103</td>
              <td>308952.8399</td>
              <td>835863.3979</td>
          </tr>
          <tr id="LC161" class="js-file-line">
            <td id="L161" class="blob-num js-line-number" data-line-number="161"></td>
              <td>MaxMun_a_0051607</td>
              <td>26</td>
              <td>1</td>
              <td>110</td>
              <td>1</td>
              <td>2.55275</td>
              <td>2.53838</td>
              <td>274239.5137</td>
              <td>273137.0146</td>
              <td>244380.7933</td>
              <td>240861.7248</td>
              <td>749834.5283</td>
          </tr>
          <tr id="LC162" class="js-file-line">
            <td id="L162" class="blob-num js-line-number" data-line-number="162"></td>
              <td>MaxMun_b_0051322</td>
              <td>29</td>
              <td>1</td>
              <td>122</td>
              <td>1</td>
              <td>2.63355</td>
              <td>2.62596</td>
              <td>248456.4684</td>
              <td>246391.2677</td>
              <td>211428.8695</td>
              <td>206835.6864</td>
              <td>673492.7361</td>
          </tr>
          <tr id="LC163" class="js-file-line">
            <td id="L163" class="blob-num js-line-number" data-line-number="163"></td>
              <td>MaxMun_b_0051323</td>
              <td>30</td>
              <td>1</td>
              <td>118</td>
              <td>1</td>
              <td>2.43935</td>
              <td>2.44708</td>
              <td>292688.2722</td>
              <td>293038.2697</td>
              <td>260402.0041</td>
              <td>257844.8196</td>
              <td>756956.5419</td>
          </tr>
          <tr id="LC164" class="js-file-line">
            <td id="L164" class="blob-num js-line-number" data-line-number="164"></td>
              <td>MaxMun_b_0051324</td>
              <td>52</td>
              <td>1</td>
              <td>133</td>
              <td>1</td>
              <td>2.34217</td>
              <td>2.40109</td>
              <td>242802.4218</td>
              <td>248736.4371</td>
              <td>234785.5931</td>
              <td>235609.4749</td>
              <td>600009.8589</td>
          </tr>
          <tr id="LC165" class="js-file-line">
            <td id="L165" class="blob-num js-line-number" data-line-number="165"></td>
              <td>MaxMun_b_0051326</td>
              <td>42</td>
              <td>1</td>
              <td>114</td>
              <td>1</td>
              <td>2.36804</td>
              <td>2.33002</td>
              <td>256420.962</td>
              <td>258141.9957</td>
              <td>263520.3728</td>
              <td>261875.8268</td>
              <td>693098.9577</td>
          </tr>
          <tr id="LC166" class="js-file-line">
            <td id="L166" class="blob-num js-line-number" data-line-number="166"></td>
              <td>MaxMun_b_0051327</td>
              <td>58</td>
              <td>1</td>
              <td>129</td>
              <td>1</td>
              <td>2.41207</td>
              <td>2.42351</td>
              <td>265012.7425</td>
              <td>272836.1761</td>
              <td>262203.8103</td>
              <td>267293.3039</td>
              <td>714132.9186</td>
          </tr>
          <tr id="LC167" class="js-file-line">
            <td id="L167" class="blob-num js-line-number" data-line-number="167"></td>
              <td>MaxMun_c_0051328</td>
              <td>22</td>
              <td>1</td>
              <td>114</td>
              <td>1</td>
              <td>2.81709</td>
              <td>2.77633</td>
              <td>342632.2466</td>
              <td>337415.7276</td>
              <td>241060.3859</td>
              <td>238755.8836</td>
              <td>890264.9743</td>
          </tr>
          <tr id="LC168" class="js-file-line">
            <td id="L168" class="blob-num js-line-number" data-line-number="168"></td>
              <td>MaxMun_c_0051332</td>
              <td>23</td>
              <td>1</td>
              <td>125</td>
              <td>-1</td>
              <td>2.76867</td>
              <td>2.67763</td>
              <td>341067.4595</td>
              <td>340835.1273</td>
              <td>292482.9245</td>
              <td>296303.4654</td>
              <td>896988.5868</td>
          </tr>
          <tr id="LC169" class="js-file-line">
            <td id="L169" class="blob-num js-line-number" data-line-number="169"></td>
              <td>MaxMun_c_0051333</td>
              <td>24</td>
              <td>1</td>
              <td>99</td>
              <td>-1</td>
              <td>2.66745</td>
              <td>2.62476</td>
              <td>274903.2001</td>
              <td>277024.6702</td>
              <td>247773.0742</td>
              <td>252336.3166</td>
              <td>750376.8703</td>
          </tr>
          <tr id="LC170" class="js-file-line">
            <td id="L170" class="blob-num js-line-number" data-line-number="170"></td>
              <td>MaxMun_c_0051335</td>
              <td>23</td>
              <td>1</td>
              <td>122</td>
              <td>-1</td>
              <td>2.62195</td>
              <td>2.66397</td>
              <td>259492.8344</td>
              <td>257417.5847</td>
              <td>233426.2934</td>
              <td>226146.898</td>
              <td>697425.4191</td>
          </tr>
          <tr id="LC171" class="js-file-line">
            <td id="L171" class="blob-num js-line-number" data-line-number="171"></td>
              <td>MaxMun_c_0051336</td>
              <td>26</td>
              <td>1</td>
              <td>114</td>
              <td>-1</td>
              <td>2.49695</td>
              <td>2.43606</td>
              <td>265604.9263</td>
              <td>264201.1017</td>
              <td>260939.4971</td>
              <td>269325.8237</td>
              <td>708046.028</td>
          </tr>
          <tr id="LC172" class="js-file-line">
            <td id="L172" class="blob-num js-line-number" data-line-number="172"></td>
              <td>MaxMun_c_0051338</td>
              <td>30</td>
              <td>1</td>
              <td>110</td>
              <td>-1</td>
              <td>2.57721</td>
              <td>2.58149</td>
              <td>251227.188</td>
              <td>254232.4671</td>
              <td>211039.7429</td>
              <td>212109.7516</td>
              <td>687845.6551</td>
          </tr>
          <tr id="LC173" class="js-file-line">
            <td id="L173" class="blob-num js-line-number" data-line-number="173"></td>
              <td>MaxMun_c_0051339</td>
              <td>29</td>
              <td>1</td>
              <td>110</td>
              <td>-1</td>
              <td>2.65349</td>
              <td>2.64897</td>
              <td>284683.6995</td>
              <td>287393.0061</td>
              <td>268366.0613</td>
              <td>271307.6302</td>
              <td>759505.7056</td>
          </tr>
          <tr id="LC174" class="js-file-line">
            <td id="L174" class="blob-num js-line-number" data-line-number="174"></td>
              <td>MaxMun_c_0051340</td>
              <td>29</td>
              <td>1</td>
              <td>110</td>
              <td>-1</td>
              <td>2.5488</td>
              <td>2.57467</td>
              <td>249260.1149</td>
              <td>249657.4652</td>
              <td>224046.5489</td>
              <td>224172.4821</td>
              <td>699715.58</td>
          </tr>
          <tr id="LC175" class="js-file-line">
            <td id="L175" class="blob-num js-line-number" data-line-number="175"></td>
              <td>MaxMun_c_0051341</td>
              <td>29</td>
              <td>1</td>
              <td>110</td>
              <td>-1</td>
              <td>2.47539</td>
              <td>2.47489</td>
              <td>255305.3699</td>
              <td>255170.0544</td>
              <td>231104.9116</td>
              <td>228731.7025</td>
              <td>695017.4244</td>
          </tr>
          <tr id="LC176" class="js-file-line">
            <td id="L176" class="blob-num js-line-number" data-line-number="176"></td>
              <td>MaxMun_c_0051342</td>
              <td>23</td>
              <td>1</td>
              <td>107</td>
              <td>-1</td>
              <td>2.59954</td>
              <td>2.58328</td>
              <td>263306.3145</td>
              <td>259497.1336</td>
              <td>246658.7141</td>
              <td>242147.3878</td>
              <td>707886.4481</td>
          </tr>
          <tr id="LC177" class="js-file-line">
            <td id="L177" class="blob-num js-line-number" data-line-number="177"></td>
              <td>MaxMun_c_0051343</td>
              <td>30</td>
              <td>1</td>
              <td>118</td>
              <td>-1</td>
              <td>2.5758</td>
              <td>2.57693</td>
              <td>276603.3297</td>
              <td>276972.4427</td>
              <td>248000.5367</td>
              <td>247015.1706</td>
              <td>742695.7724</td>
          </tr>
          <tr id="LC178" class="js-file-line">
            <td id="L178" class="blob-num js-line-number" data-line-number="178"></td>
              <td>MaxMun_c_0051344</td>
              <td>22</td>
              <td>1</td>
              <td>118</td>
              <td>-1</td>
              <td>2.64094</td>
              <td>2.64853</td>
              <td>288941.1299</td>
              <td>295143.4713</td>
              <td>227836.0159</td>
              <td>229898.2935</td>
              <td>774101.6012</td>
          </tr>
          <tr id="LC179" class="js-file-line">
            <td id="L179" class="blob-num js-line-number" data-line-number="179"></td>
              <td>MaxMun_c_0051345</td>
              <td>35</td>
              <td>1</td>
              <td>107</td>
              <td>-1</td>
              <td>2.53077</td>
              <td>2.51802</td>
              <td>250560.0567</td>
              <td>250186.233</td>
              <td>201605.3182</td>
              <td>197167.1696</td>
              <td>675936.2897</td>
          </tr>
          <tr id="LC180" class="js-file-line">
            <td id="L180" class="blob-num js-line-number" data-line-number="180"></td>
              <td>MaxMun_c_0051346</td>
              <td>25</td>
              <td>1</td>
              <td>118</td>
              <td>-1</td>
              <td>2.61601</td>
              <td>2.60265</td>
              <td>259538.4675</td>
              <td>256127.1456</td>
              <td>202493.0978</td>
              <td>200628.0104</td>
              <td>703422.6131</td>
          </tr>
          <tr id="LC181" class="js-file-line">
            <td id="L181" class="blob-num js-line-number" data-line-number="181"></td>
              <td>MaxMun_c_0051347</td>
              <td>24</td>
              <td>1</td>
              <td>129</td>
              <td>-1</td>
              <td>2.61632</td>
              <td>2.60748</td>
              <td>289646.6087</td>
              <td>291653.1434</td>
              <td>234207.9466</td>
              <td>236332.8753</td>
              <td>778900.7522</td>
          </tr>
          <tr id="LC182" class="js-file-line">
            <td id="L182" class="blob-num js-line-number" data-line-number="182"></td>
              <td>MaxMun_c_0051348</td>
              <td>8</td>
              <td>1</td>
              <td>102</td>
              <td>1</td>
              <td>2.85664</td>
              <td>2.82836</td>
              <td>292852.9201</td>
              <td>289186.4836</td>
              <td>195089.304</td>
              <td>189816.8521</td>
              <td>785569.4036</td>
          </tr>
          <tr id="LC183" class="js-file-line">
            <td id="L183" class="blob-num js-line-number" data-line-number="183"></td>
              <td>MaxMun_d_0051329</td>
              <td>18</td>
              <td>1</td>
              <td>95</td>
              <td>1</td>
              <td>2.7685</td>
              <td>2.7006</td>
              <td>321867.6079</td>
              <td>316579.7532</td>
              <td>242713.114</td>
              <td>240818.7794</td>
              <td>834624.3611</td>
          </tr>
          <tr id="LC184" class="js-file-line">
            <td id="L184" class="blob-num js-line-number" data-line-number="184"></td>
              <td>MaxMun_d_0051330</td>
              <td>45</td>
              <td>1</td>
              <td>-9999</td>
              <td>1</td>
              <td>2.45545</td>
              <td>2.44434</td>
              <td>262591.4643</td>
              <td>264756.7304</td>
              <td>265588.1655</td>
              <td>265413.2643</td>
              <td>712939.1947</td>
          </tr>
          <tr id="LC185" class="js-file-line">
            <td id="L185" class="blob-num js-line-number" data-line-number="185"></td>
              <td>MaxMun_d_0051331</td>
              <td>35</td>
              <td>1</td>
              <td>-9999</td>
              <td>1</td>
              <td>2.55469</td>
              <td>2.54346</td>
              <td>281285.5735</td>
              <td>280673.1834</td>
              <td>247648.3899</td>
              <td>245225.725</td>
              <td>758404.7569</td>
          </tr>
          <tr id="LC186" class="js-file-line">
            <td id="L186" class="blob-num js-line-number" data-line-number="186"></td>
              <td>MaxMun_d_0051349</td>
              <td>11</td>
              <td>1</td>
              <td>105</td>
              <td>1</td>
              <td>2.71822</td>
              <td>2.67671</td>
              <td>303312.3119</td>
              <td>290473.5618</td>
              <td>211002.8213</td>
              <td>205966.3306</td>
              <td>770665.8737</td>
          </tr>
          <tr id="LC187" class="js-file-line">
            <td id="L187" class="blob-num js-line-number" data-line-number="187"></td>
              <td>MaxMun_d_0051350</td>
              <td>11</td>
              <td>1</td>
              <td>79</td>
              <td>1</td>
              <td>2.69978</td>
              <td>2.69167</td>
              <td>301424.2498</td>
              <td>303856.6738</td>
              <td>227234.3313</td>
              <td>220016.1205</td>
              <td>802547.9236</td>
          </tr>
          <tr id="LC188" class="js-file-line">
            <td id="L188" class="blob-num js-line-number" data-line-number="188"></td>
              <td>MaxMun_d_0051351</td>
              <td>11</td>
              <td>1</td>
              <td>79</td>
              <td>1</td>
              <td>2.83605</td>
              <td>2.82178</td>
              <td>299575.1138</td>
              <td>298622.1755</td>
              <td>201952.4665</td>
              <td>202220.2128</td>
              <td>797431.2892</td>
          </tr>
          <tr id="LC189" class="js-file-line">
            <td id="L189" class="blob-num js-line-number" data-line-number="189"></td>
              <td>MaxMun_d_0051354</td>
              <td>12</td>
              <td>1</td>
              <td>101</td>
              <td>1</td>
              <td>2.63404</td>
              <td>2.629</td>
              <td>281442.5583</td>
              <td>281741.6346</td>
              <td>201297.0348</td>
              <td>200641.8282</td>
              <td>744228.1929</td>
          </tr>
          <tr id="LC190" class="js-file-line">
            <td id="L190" class="blob-num js-line-number" data-line-number="190"></td>
              <td>MaxMun_d_0051355</td>
              <td>11</td>
              <td>1</td>
              <td>122</td>
              <td>1</td>
              <td>2.75278</td>
              <td>2.714</td>
              <td>267719.0613</td>
              <td>266614.6304</td>
              <td>191786.473</td>
              <td>190933.9189</td>
              <td>723233.6916</td>
          </tr>
          <tr id="LC191" class="js-file-line">
            <td id="L191" class="blob-num js-line-number" data-line-number="191"></td>
              <td>MaxMun_d_0051356</td>
              <td>10</td>
              <td>1</td>
              <td>129</td>
              <td>-1</td>
              <td>2.7284</td>
              <td>2.72047</td>
              <td>343005.4582</td>
              <td>345685.9829</td>
              <td>226189.0945</td>
              <td>226320.1299</td>
              <td>895352.4412</td>
          </tr>
          <tr id="LC192" class="js-file-line">
            <td id="L192" class="blob-num js-line-number" data-line-number="192"></td>
              <td>MaxMun_d_0051357</td>
              <td>11</td>
              <td>1</td>
              <td>110</td>
              <td>-1</td>
              <td>2.88847</td>
              <td>2.90045</td>
              <td>308626.574</td>
              <td>308170.1127</td>
              <td>200586.0789</td>
              <td>198366.7545</td>
              <td>822938.6867</td>
          </tr>
          <tr id="LC193" class="js-file-line">
            <td id="L193" class="blob-num js-line-number" data-line-number="193"></td>
              <td>MaxMun_d_0051358</td>
              <td>10</td>
              <td>1</td>
              <td>113</td>
              <td>-1</td>
              <td>2.75473</td>
              <td>2.76371</td>
              <td>281407.0184</td>
              <td>284623.4381</td>
              <td>200189.2883</td>
              <td>195868.6893</td>
              <td>744014.4565</td>
          </tr>
          <tr id="LC194" class="js-file-line">
            <td id="L194" class="blob-num js-line-number" data-line-number="194"></td>
              <td>MaxMun_d_0051359</td>
              <td>13</td>
              <td>1</td>
              <td>101</td>
              <td>-1</td>
              <td>2.68938</td>
              <td>2.6861</td>
              <td>311606.0376</td>
              <td>311489.9996</td>
              <td>253765.1248</td>
              <td>250461.244</td>
              <td>806364.0372</td>
          </tr>
          <tr id="LC195" class="js-file-line">
            <td id="L195" class="blob-num js-line-number" data-line-number="195"></td>
              <td>MaxMun_d_0051360</td>
              <td>7</td>
              <td>1</td>
              <td>98</td>
              <td>-1</td>
              <td>2.68345</td>
              <td>2.66749</td>
              <td>299115.1165</td>
              <td>295911.1695</td>
              <td>232975.5365</td>
              <td>230379.9729</td>
              <td>785962.2859</td>
          </tr>
          <tr id="LC196" class="js-file-line">
            <td id="L196" class="blob-num js-line-number" data-line-number="196"></td>
              <td>MaxMun_d_0051361</td>
              <td>16</td>
              <td>1</td>
              <td>114</td>
              <td>-1</td>
              <td>2.61723</td>
              <td>2.56702</td>
              <td>294108.2969</td>
              <td>287117.4833</td>
              <td>244932.9745</td>
              <td>245627.604</td>
              <td>781667.7802</td>
          </tr>
          <tr id="LC197" class="js-file-line">
            <td id="L197" class="blob-num js-line-number" data-line-number="197"></td>
              <td>NYU_0050964</td>
              <td>12.75</td>
              <td>1</td>
              <td>106</td>
              <td>1</td>
              <td>2.77125</td>
              <td>2.75512</td>
              <td>280281.1334</td>
              <td>281660.1509</td>
              <td>199193.2964</td>
              <td>201239.2925</td>
              <td>738764.2843</td>
          </tr>
          <tr id="LC198" class="js-file-line">
            <td id="L198" class="blob-num js-line-number" data-line-number="198"></td>
              <td>NYU_0050965</td>
              <td>9.25</td>
              <td>1</td>
              <td>132</td>
              <td>1</td>
              <td>2.85442</td>
              <td>2.80602</td>
              <td>310752.504</td>
              <td>307387.9629</td>
              <td>221842.3046</td>
              <td>226625.0187</td>
              <td>807531.467</td>
          </tr>
          <tr id="LC199" class="js-file-line">
            <td id="L199" class="blob-num js-line-number" data-line-number="199"></td>
              <td>NYU_0050966</td>
              <td>15.14</td>
              <td>1</td>
              <td>108</td>
              <td>1</td>
              <td>2.68546</td>
              <td>2.70566</td>
              <td>283849.9863</td>
              <td>286533.1977</td>
              <td>232587.4202</td>
              <td>230353.2903</td>
              <td>743460.184</td>
          </tr>
          <tr id="LC200" class="js-file-line">
            <td id="L200" class="blob-num js-line-number" data-line-number="200"></td>
              <td>NYU_0050967</td>
              <td>9.74</td>
              <td>1</td>
              <td>76</td>
              <td>1</td>
              <td>2.96935</td>
              <td>2.93941</td>
              <td>285904.5584</td>
              <td>282533.3287</td>
              <td>177298.7109</td>
              <td>178774.7835</td>
              <td>717399.8871</td>
          </tr>
          <tr id="LC201" class="js-file-line">
            <td id="L201" class="blob-num js-line-number" data-line-number="201"></td>
              <td>NYU_0050968</td>
              <td>9.95</td>
              <td>1</td>
              <td>108</td>
              <td>1</td>
              <td>2.67524</td>
              <td>2.70986</td>
              <td>290457.5973</td>
              <td>296597.254</td>
              <td>213954.0134</td>
              <td>217591.1117</td>
              <td>784421.8514</td>
          </tr>
          <tr id="LC202" class="js-file-line">
            <td id="L202" class="blob-num js-line-number" data-line-number="202"></td>
              <td>NYU_0050969</td>
              <td>7.61</td>
              <td>1</td>
              <td>129</td>
              <td>1</td>
              <td>2.78627</td>
              <td>2.72544</td>
              <td>268432.4105</td>
              <td>264403.8671</td>
              <td>154880.627</td>
              <td>153739.1944</td>
              <td>700507.2777</td>
          </tr>
          <tr id="LC203" class="js-file-line">
            <td id="L203" class="blob-num js-line-number" data-line-number="203"></td>
              <td>NYU_0050970</td>
              <td>8.9</td>
              <td>1</td>
              <td>99</td>
              <td>1</td>
              <td>2.78216</td>
              <td>2.76026</td>
              <td>319446.8326</td>
              <td>315763.2972</td>
              <td>212552.434</td>
              <td>214729.5391</td>
              <td>835463.1297</td>
          </tr>
          <tr id="LC204" class="js-file-line">
            <td id="L204" class="blob-num js-line-number" data-line-number="204"></td>
              <td>NYU_0050971</td>
              <td>10.24</td>
              <td>1</td>
              <td>122</td>
              <td>1</td>
              <td>2.77751</td>
              <td>2.79698</td>
              <td>283344.7786</td>
              <td>288223.565</td>
              <td>200799.7006</td>
              <td>203541.2578</td>
              <td>766551.3437</td>
          </tr>
          <tr id="LC205" class="js-file-line">
            <td id="L205" class="blob-num js-line-number" data-line-number="205"></td>
              <td>NYU_0050972</td>
              <td>13.95</td>
              <td>1</td>
              <td>100</td>
              <td>1</td>
              <td>2.72965</td>
              <td>2.75776</td>
              <td>361170.6328</td>
              <td>363528.402</td>
              <td>328542.5933</td>
              <td>327302.6074</td>
              <td>939396.0348</td>
          </tr>
          <tr id="LC206" class="js-file-line">
            <td id="L206" class="blob-num js-line-number" data-line-number="206"></td>
              <td>NYU_0050973</td>
              <td>17.88</td>
              <td>1</td>
              <td>112</td>
              <td>1</td>
              <td>2.55782</td>
              <td>2.52395</td>
              <td>249729.3997</td>
              <td>249675.3713</td>
              <td>222180.7714</td>
              <td>226769.6602</td>
              <td>685472.771</td>
          </tr>
          <tr id="LC207" class="js-file-line">
            <td id="L207" class="blob-num js-line-number" data-line-number="207"></td>
              <td>NYU_0050974</td>
              <td>11.56</td>
              <td>1</td>
              <td>90</td>
              <td>1</td>
              <td>2.67893</td>
              <td>2.71738</td>
              <td>273958.9922</td>
              <td>277722.4521</td>
              <td>213448.0976</td>
              <td>217030.7621</td>
              <td>724514.4443</td>
          </tr>
          <tr id="LC208" class="js-file-line">
            <td id="L208" class="blob-num js-line-number" data-line-number="208"></td>
              <td>NYU_0050975</td>
              <td>10.96</td>
              <td>1</td>
              <td>100</td>
              <td>1</td>
              <td>2.85535</td>
              <td>2.84393</td>
              <td>286579.7459</td>
              <td>289316.5532</td>
              <td>201185.3833</td>
              <td>203130.2923</td>
              <td>744162.2991</td>
          </tr>
          <tr id="LC209" class="js-file-line">
            <td id="L209" class="blob-num js-line-number" data-line-number="209"></td>
              <td>NYU_0050976</td>
              <td>14.65</td>
              <td>1</td>
              <td>127</td>
              <td>1</td>
              <td>2.65474</td>
              <td>2.65114</td>
              <td>280505.5035</td>
              <td>275729.0746</td>
              <td>227987.8202</td>
              <td>227223.6243</td>
              <td>739174.5781</td>
          </tr>
          <tr id="LC210" class="js-file-line">
            <td id="L210" class="blob-num js-line-number" data-line-number="210"></td>
              <td>NYU_0050977</td>
              <td>7.13</td>
              <td>1</td>
              <td>142</td>
              <td>1</td>
              <td>2.82689</td>
              <td>2.80213</td>
              <td>322890.5495</td>
              <td>324860.0231</td>
              <td>233648.138</td>
              <td>234675.1081</td>
              <td>847199.5726</td>
          </tr>
          <tr id="LC211" class="js-file-line">
            <td id="L211" class="blob-num js-line-number" data-line-number="211"></td>
              <td>NYU_0050978</td>
              <td>9.58</td>
              <td>1</td>
              <td>142</td>
              <td>1</td>
              <td>2.76426</td>
              <td>2.81001</td>
              <td>286341.9069</td>
              <td>291268.1825</td>
              <td>219798.9023</td>
              <td>220997.5723</td>
              <td>750039.0894</td>
          </tr>
          <tr id="LC212" class="js-file-line">
            <td id="L212" class="blob-num js-line-number" data-line-number="212"></td>
              <td>NYU_0050979</td>
              <td>9.37</td>
              <td>1</td>
              <td>114</td>
              <td>1</td>
              <td>2.81812</td>
              <td>2.79067</td>
              <td>319906.809</td>
              <td>318472.7267</td>
              <td>220780.0976</td>
              <td>218877.3842</td>
              <td>824729.5357</td>
          </tr>
          <tr id="LC213" class="js-file-line">
            <td id="L213" class="blob-num js-line-number" data-line-number="213"></td>
              <td>NYU_0050980</td>
              <td>8.52</td>
              <td>1</td>
              <td>136</td>
              <td>1</td>
              <td>2.72005</td>
              <td>2.77844</td>
              <td>276366.8024</td>
              <td>278086.5669</td>
              <td>205359.5794</td>
              <td>202775.6631</td>
              <td>741242.3693</td>
          </tr>
          <tr id="LC214" class="js-file-line">
            <td id="L214" class="blob-num js-line-number" data-line-number="214"></td>
              <td>NYU_0050981</td>
              <td>12.96</td>
              <td>1</td>
              <td>100</td>
              <td>1</td>
              <td>2.64904</td>
              <td>2.65747</td>
              <td>283238.1798</td>
              <td>281259.0227</td>
              <td>227275.9093</td>
              <td>225332.3239</td>
              <td>750594.2025</td>
          </tr>
          <tr id="LC215" class="js-file-line">
            <td id="L215" class="blob-num js-line-number" data-line-number="215"></td>
              <td>NYU_0050982</td>
              <td>9.46</td>
              <td>1</td>
              <td>119</td>
              <td>1</td>
              <td>2.90583</td>
              <td>2.89316</td>
              <td>330239.2993</td>
              <td>336059.1634</td>
              <td>205651.3276</td>
              <td>208188.9487</td>
              <td>854674.4628</td>
          </tr>
          <tr id="LC216" class="js-file-line">
            <td id="L216" class="blob-num js-line-number" data-line-number="216"></td>
              <td>NYU_0050983</td>
              <td>10.48</td>
              <td>1</td>
              <td>117</td>
              <td>1</td>
              <td>2.65587</td>
              <td>2.58077</td>
              <td>309014.2249</td>
              <td>306101.152</td>
              <td>236731.3412</td>
              <td>240689.0845</td>
              <td>818017.3769</td>
          </tr>
          <tr id="LC217" class="js-file-line">
            <td id="L217" class="blob-num js-line-number" data-line-number="217"></td>
              <td>NYU_0050984</td>
              <td>13.2</td>
              <td>1</td>
              <td>98</td>
              <td>1</td>
              <td>2.68343</td>
              <td>2.67406</td>
              <td>288287.5636</td>
              <td>284091.1657</td>
              <td>224701.8304</td>
              <td>220028.8325</td>
              <td>749135.7293</td>
          </tr>
          <tr id="LC218" class="js-file-line">
            <td id="L218" class="blob-num js-line-number" data-line-number="218"></td>
              <td>NYU_0050985</td>
              <td>13.09</td>
              <td>1</td>
              <td>90</td>
              <td>1</td>
              <td>2.80448</td>
              <td>2.81625</td>
              <td>321835.5176</td>
              <td>330633.2675</td>
              <td>253603.1389</td>
              <td>255554.0157</td>
              <td>851323.7852</td>
          </tr>
          <tr id="LC219" class="js-file-line">
            <td id="L219" class="blob-num js-line-number" data-line-number="219"></td>
              <td>NYU_0050986</td>
              <td>8.53</td>
              <td>1</td>
              <td>102</td>
              <td>1</td>
              <td>2.83479</td>
              <td>2.82296</td>
              <td>283187.997</td>
              <td>280817.6378</td>
              <td>200698.662</td>
              <td>199965.4606</td>
              <td>695600.6348</td>
          </tr>
          <tr id="LC220" class="js-file-line">
            <td id="L220" class="blob-num js-line-number" data-line-number="220"></td>
              <td>NYU_0050987</td>
              <td>8.56</td>
              <td>1</td>
              <td>105</td>
              <td>1</td>
              <td>2.87904</td>
              <td>2.77859</td>
              <td>262315.4553</td>
              <td>256175.1928</td>
              <td>187967.7234</td>
              <td>189478.164</td>
              <td>657455.6481</td>
          </tr>
          <tr id="LC221" class="js-file-line">
            <td id="L221" class="blob-num js-line-number" data-line-number="221"></td>
              <td>NYU_0050988</td>
              <td>14.21</td>
              <td>1</td>
              <td>112</td>
              <td>1</td>
              <td>2.62158</td>
              <td>2.62619</td>
              <td>273561.3101</td>
              <td>277953.752</td>
              <td>219284.5991</td>
              <td>218683.5537</td>
              <td>729509.0621</td>
          </tr>
          <tr id="LC222" class="js-file-line">
            <td id="L222" class="blob-num js-line-number" data-line-number="222"></td>
              <td>NYU_0050989</td>
              <td>9.78</td>
              <td>1</td>
              <td>84</td>
              <td>1</td>
              <td>2.78885</td>
              <td>2.86703</td>
              <td>303122.9325</td>
              <td>313302.4434</td>
              <td>200669.4322</td>
              <td>198814.9534</td>
              <td>798689.3759</td>
          </tr>
          <tr id="LC223" class="js-file-line">
            <td id="L223" class="blob-num js-line-number" data-line-number="223"></td>
              <td>NYU_0050990</td>
              <td>13.71</td>
              <td>1</td>
              <td>131</td>
              <td>1</td>
              <td>2.65535</td>
              <td>2.66494</td>
              <td>338374.7183</td>
              <td>347449.459</td>
              <td>286833.8621</td>
              <td>288021.4675</td>
              <td>905843.1773</td>
          </tr>
          <tr id="LC224" class="js-file-line">
            <td id="L224" class="blob-num js-line-number" data-line-number="224"></td>
              <td>NYU_0050991</td>
              <td>10.9</td>
              <td>1</td>
              <td>100</td>
              <td>1</td>
              <td>2.75152</td>
              <td>2.76298</td>
              <td>258190.046</td>
              <td>253549.0517</td>
              <td>189849.458</td>
              <td>187108.4404</td>
              <td>664111.0977</td>
          </tr>
          <tr id="LC225" class="js-file-line">
            <td id="L225" class="blob-num js-line-number" data-line-number="225"></td>
              <td>NYU_0050992</td>
              <td>10.66</td>
              <td>1</td>
              <td>118</td>
              <td>1</td>
              <td>2.75322</td>
              <td>2.77041</td>
              <td>290807.9417</td>
              <td>291434.9745</td>
              <td>211456.7066</td>
              <td>210015.0589</td>
              <td>760294.9162</td>
          </tr>
          <tr id="LC226" class="js-file-line">
            <td id="L226" class="blob-num js-line-number" data-line-number="226"></td>
              <td>NYU_0050993</td>
              <td>10.87</td>
              <td>1</td>
              <td>101</td>
              <td>1</td>
              <td>2.83171</td>
              <td>2.83174</td>
              <td>309082.564</td>
              <td>309305.4511</td>
              <td>217888.6257</td>
              <td>216080.0846</td>
              <td>792948.0151</td>
          </tr>
          <tr id="LC227" class="js-file-line">
            <td id="L227" class="blob-num js-line-number" data-line-number="227"></td>
              <td>NYU_0050994</td>
              <td>15.66</td>
              <td>1</td>
              <td>102</td>
              <td>1</td>
              <td>2.60667</td>
              <td>2.63496</td>
              <td>259642.8506</td>
              <td>263844.1508</td>
              <td>229411.9665</td>
              <td>229916.2417</td>
              <td>681379.0015</td>
          </tr>
          <tr id="LC228" class="js-file-line">
            <td id="L228" class="blob-num js-line-number" data-line-number="228"></td>
              <td>NYU_0050995</td>
              <td>16.74</td>
              <td>1</td>
              <td>109</td>
              <td>1</td>
              <td>2.66796</td>
              <td>2.69014</td>
              <td>287731.1199</td>
              <td>291801.7025</td>
              <td>241921.4817</td>
              <td>243161.5813</td>
              <td>750272.8225</td>
          </tr>
          <tr id="LC229" class="js-file-line">
            <td id="L229" class="blob-num js-line-number" data-line-number="229"></td>
              <td>NYU_0050996</td>
              <td>15.81</td>
              <td>1</td>
              <td>100</td>
              <td>1</td>
              <td>2.72732</td>
              <td>2.6498</td>
              <td>280505.8404</td>
              <td>276388.3924</td>
              <td>234542.7206</td>
              <td>233158.6275</td>
              <td>751968.2328</td>
          </tr>
          <tr id="LC230" class="js-file-line">
            <td id="L230" class="blob-num js-line-number" data-line-number="230"></td>
              <td>NYU_0050997</td>
              <td>16.27</td>
              <td>1</td>
              <td>123</td>
              <td>1</td>
              <td>2.7555</td>
              <td>2.71226</td>
              <td>338179.4049</td>
              <td>341047.5349</td>
              <td>294261.3526</td>
              <td>298800.3572</td>
              <td>904206.9397</td>
          </tr>
          <tr id="LC231" class="js-file-line">
            <td id="L231" class="blob-num js-line-number" data-line-number="231"></td>
              <td>NYU_0050998</td>
              <td>13.04</td>
              <td>1</td>
              <td>91</td>
              <td>1</td>
              <td>2.61565</td>
              <td>2.63324</td>
              <td>302066.7652</td>
              <td>304495.0087</td>
              <td>230434.0132</td>
              <td>230636.4343</td>
              <td>772361.7739</td>
          </tr>
          <tr id="LC232" class="js-file-line">
            <td id="L232" class="blob-num js-line-number" data-line-number="232"></td>
              <td>NYU_0050999</td>
              <td>14.53</td>
              <td>1</td>
              <td>95</td>
              <td>1</td>
              <td>2.79882</td>
              <td>2.76974</td>
              <td>275504.6808</td>
              <td>276450.8355</td>
              <td>221281.8957</td>
              <td>222695.9264</td>
              <td>683454.5163</td>
          </tr>
          <tr id="LC233" class="js-file-line">
            <td id="L233" class="blob-num js-line-number" data-line-number="233"></td>
              <td>NYU_0051000</td>
              <td>13.33</td>
              <td>1</td>
              <td>78</td>
              <td>1</td>
              <td>2.55399</td>
              <td>2.53865</td>
              <td>280490.4161</td>
              <td>273976.9335</td>
              <td>244983.1158</td>
              <td>240426.132</td>
              <td>693924.3496</td>
          </tr>
          <tr id="LC234" class="js-file-line">
            <td id="L234" class="blob-num js-line-number" data-line-number="234"></td>
              <td>NYU_0051001</td>
              <td>10.71</td>
              <td>1</td>
              <td>87</td>
              <td>1</td>
              <td>2.8589</td>
              <td>2.82184</td>
              <td>299188.2466</td>
              <td>298380.6947</td>
              <td>196677.1823</td>
              <td>196824.1594</td>
              <td>734224.9413</td>
          </tr>
          <tr id="LC235" class="js-file-line">
            <td id="L235" class="blob-num js-line-number" data-line-number="235"></td>
              <td>NYU_0051002</td>
              <td>7.228</td>
              <td>1</td>
              <td>90</td>
              <td>1</td>
              <td>2.77616</td>
              <td>2.78065</td>
              <td>324976.9883</td>
              <td>328198.9178</td>
              <td>208448.021</td>
              <td>211612.1321</td>
              <td>846728.9062</td>
          </tr>
          <tr id="LC236" class="js-file-line">
            <td id="L236" class="blob-num js-line-number" data-line-number="236"></td>
              <td>NYU_0051003</td>
              <td>8.51</td>
              <td>1</td>
              <td>120</td>
              <td>1</td>
              <td>2.76243</td>
              <td>2.77176</td>
              <td>305812.8866</td>
              <td>309022.0969</td>
              <td>219598.9422</td>
              <td>223996.649</td>
              <td>802240.9835</td>
          </tr>
          <tr id="LC237" class="js-file-line">
            <td id="L237" class="blob-num js-line-number" data-line-number="237"></td>
              <td>NYU_0051006</td>
              <td>11.11</td>
              <td>1</td>
              <td>103</td>
              <td>1</td>
              <td>2.85431</td>
              <td>2.82076</td>
              <td>285258.1986</td>
              <td>280197.4907</td>
              <td>201873.6288</td>
              <td>201875.8067</td>
              <td>743401.6893</td>
          </tr>
          <tr id="LC238" class="js-file-line">
            <td id="L238" class="blob-num js-line-number" data-line-number="238"></td>
              <td>NYU_0051007</td>
              <td>11.92</td>
              <td>1</td>
              <td>108</td>
              <td>1</td>
              <td>2.79237</td>
              <td>2.78003</td>
              <td>256283.8984</td>
              <td>257169.6378</td>
              <td>201462.1674</td>
              <td>202330.8666</td>
              <td>681829.5362</td>
          </tr>
          <tr id="LC239" class="js-file-line">
            <td id="L239" class="blob-num js-line-number" data-line-number="239"></td>
              <td>NYU_0051008</td>
              <td>12.37</td>
              <td>1</td>
              <td>128</td>
              <td>1</td>
              <td>2.62041</td>
              <td>2.62349</td>
              <td>273486.6067</td>
              <td>283910.614</td>
              <td>234157.263</td>
              <td>242436.8867</td>
              <td>680093.2206</td>
          </tr>
          <tr id="LC240" class="js-file-line">
            <td id="L240" class="blob-num js-line-number" data-line-number="240"></td>
              <td>NYU_0051009</td>
              <td>11.03</td>
              <td>1</td>
              <td>86</td>
              <td>1</td>
              <td>2.81587</td>
              <td>2.77806</td>
              <td>326923.4721</td>
              <td>317632.3063</td>
              <td>247314.5831</td>
              <td>244124.0208</td>
              <td>839385.7784</td>
          </tr>
          <tr id="LC241" class="js-file-line">
            <td id="L241" class="blob-num js-line-number" data-line-number="241"></td>
              <td>NYU_0051010</td>
              <td>8.53</td>
              <td>1</td>
              <td>148</td>
              <td>1</td>
              <td>2.77764</td>
              <td>2.76843</td>
              <td>319152.4664</td>
              <td>314953.6977</td>
              <td>219598.9568</td>
              <td>214528.1279</td>
              <td>816373.1641</td>
          </tr>
          <tr id="LC242" class="js-file-line">
            <td id="L242" class="blob-num js-line-number" data-line-number="242"></td>
              <td>NYU_0051011</td>
              <td>8.79</td>
              <td>1</td>
              <td>104</td>
              <td>1</td>
              <td>2.80386</td>
              <td>2.8247</td>
              <td>329778.9482</td>
              <td>325151.4187</td>
              <td>236715.0028</td>
              <td>233474.562</td>
              <td>824464.367</td>
          </tr>
          <tr id="LC243" class="js-file-line">
            <td id="L243" class="blob-num js-line-number" data-line-number="243"></td>
              <td>NYU_0051012</td>
              <td>9.79</td>
              <td>1</td>
              <td>96</td>
              <td>1</td>
              <td>2.86155</td>
              <td>2.87988</td>
              <td>265818.0504</td>
              <td>270353.1955</td>
              <td>186519.8275</td>
              <td>188554.4634</td>
              <td>709992.2459</td>
          </tr>
          <tr id="LC244" class="js-file-line">
            <td id="L244" class="blob-num js-line-number" data-line-number="244"></td>
              <td>NYU_0051013</td>
              <td>7.15</td>
              <td>1</td>
              <td>100</td>
              <td>1</td>
              <td>2.62439</td>
              <td>2.63819</td>
              <td>229646.4226</td>
              <td>233816.2696</td>
              <td>170183.2011</td>
              <td>172648.9854</td>
              <td>627867.6922</td>
          </tr>
          <tr id="LC245" class="js-file-line">
            <td id="L245" class="blob-num js-line-number" data-line-number="245"></td>
              <td>NYU_0051014</td>
              <td>11.005</td>
              <td>1</td>
              <td>106</td>
              <td>1</td>
              <td>2.6555</td>
              <td>2.64188</td>
              <td>305179.7017</td>
              <td>307537.5315</td>
              <td>246092.0719</td>
              <td>246051.2122</td>
              <td>802780.2332</td>
          </tr>
          <tr id="LC246" class="js-file-line">
            <td id="L246" class="blob-num js-line-number" data-line-number="246"></td>
              <td>NYU_0051015</td>
              <td>29.98</td>
              <td>1</td>
              <td>105</td>
              <td>1</td>
              <td>2.67963</td>
              <td>2.65006</td>
              <td>255852.8933</td>
              <td>254223.6063</td>
              <td>250045.8908</td>
              <td>253755.7457</td>
              <td>715992.4997</td>
          </tr>
          <tr id="LC247" class="js-file-line">
            <td id="L247" class="blob-num js-line-number" data-line-number="247"></td>
              <td>NYU_0051016</td>
              <td>22.99</td>
              <td>1</td>
              <td>134</td>
              <td>1</td>
              <td>2.69892</td>
              <td>2.6442</td>
              <td>289492.6096</td>
              <td>294604.7206</td>
              <td>243882.1644</td>
              <td>248922.7498</td>
              <td>783055.3302</td>
          </tr>
          <tr id="LC248" class="js-file-line">
            <td id="L248" class="blob-num js-line-number" data-line-number="248"></td>
              <td>NYU_0051017</td>
              <td>22.04</td>
              <td>1</td>
              <td>137</td>
              <td>1</td>
              <td>2.49446</td>
              <td>2.51041</td>
              <td>301543.1757</td>
              <td>313226.4583</td>
              <td>269272.0694</td>
              <td>277693.7388</td>
              <td>791220.6339</td>
          </tr>
          <tr id="LC249" class="js-file-line">
            <td id="L249" class="blob-num js-line-number" data-line-number="249"></td>
              <td>NYU_0051018</td>
              <td>20.25</td>
              <td>1</td>
              <td>116</td>
              <td>1</td>
              <td>2.6814</td>
              <td>2.65927</td>
              <td>287520.1251</td>
              <td>289057.1441</td>
              <td>245109.3482</td>
              <td>245827.2133</td>
              <td>759284.2692</td>
          </tr>
          <tr id="LC250" class="js-file-line">
            <td id="L250" class="blob-num js-line-number" data-line-number="250"></td>
              <td>NYU_0051019</td>
              <td>22.29</td>
              <td>1</td>
              <td>108</td>
              <td>1</td>
              <td>2.52221</td>
              <td>2.52641</td>
              <td>271426.6408</td>
              <td>273617.727</td>
              <td>254684.2027</td>
              <td>254151.1956</td>
              <td>739417.3678</td>
          </tr>
          <tr id="LC251" class="js-file-line">
            <td id="L251" class="blob-num js-line-number" data-line-number="251"></td>
              <td>NYU_0051020</td>
              <td>28.58</td>
              <td>1</td>
              <td>107</td>
              <td>1</td>
              <td>2.51223</td>
              <td>2.53853</td>
              <td>240446.638</td>
              <td>247619.3729</td>
              <td>211742.85</td>
              <td>218669.3353</td>
              <td>663932.0109</td>
          </tr>
          <tr id="LC252" class="js-file-line">
            <td id="L252" class="blob-num js-line-number" data-line-number="252"></td>
              <td>NYU_0051021</td>
              <td>23.66</td>
              <td>1</td>
              <td>112</td>
              <td>1</td>
              <td>2.52122</td>
              <td>2.46929</td>
              <td>240696.9525</td>
              <td>237609.3828</td>
              <td>219600.4304</td>
              <td>221796.0209</td>
              <td>657833.3353</td>
          </tr>
          <tr id="LC253" class="js-file-line">
            <td id="L253" class="blob-num js-line-number" data-line-number="253"></td>
              <td>NYU_0051023</td>
              <td>20.62</td>
              <td>1</td>
              <td>115</td>
              <td>1</td>
              <td>2.59861</td>
              <td>2.63483</td>
              <td>314163.1975</td>
              <td>314974.3652</td>
              <td>293323.0177</td>
              <td>293667.3089</td>
              <td>802377.5627</td>
          </tr>
          <tr id="LC254" class="js-file-line">
            <td id="L254" class="blob-num js-line-number" data-line-number="254"></td>
              <td>NYU_0051024</td>
              <td>39.1</td>
              <td>1</td>
              <td>98</td>
              <td>1</td>
              <td>2.59578</td>
              <td>2.5651</td>
              <td>277034.6558</td>
              <td>271761.7216</td>
              <td>276143.6733</td>
              <td>269082.1142</td>
              <td>701051.3774</td>
          </tr>
          <tr id="LC255" class="js-file-line">
            <td id="L255" class="blob-num js-line-number" data-line-number="255"></td>
              <td>NYU_0051025</td>
              <td>19.64</td>
              <td>1</td>
              <td>94</td>
              <td>1</td>
              <td>2.6404</td>
              <td>2.63919</td>
              <td>306307.1551</td>
              <td>305822.3668</td>
              <td>264957.0548</td>
              <td>262687</td>
              <td>821270.5219</td>
          </tr>
          <tr id="LC256" class="js-file-line">
            <td id="L256" class="blob-num js-line-number" data-line-number="256"></td>
              <td>NYU_0051026</td>
              <td>18.58</td>
              <td>1</td>
              <td>108</td>
              <td>1</td>
              <td>2.71965</td>
              <td>2.71442</td>
              <td>302187.4501</td>
              <td>300149.6698</td>
              <td>267570.72</td>
              <td>263312.8553</td>
              <td>794744.1199</td>
          </tr>
          <tr id="LC257" class="js-file-line">
            <td id="L257" class="blob-num js-line-number" data-line-number="257"></td>
              <td>NYU_0051027</td>
              <td>22.98</td>
              <td>1</td>
              <td>102</td>
              <td>1</td>
              <td>2.59576</td>
              <td>2.58629</td>
              <td>297980.2515</td>
              <td>293238.8882</td>
              <td>250979.1067</td>
              <td>250632.0534</td>
              <td>775063.1396</td>
          </tr>
          <tr id="LC258" class="js-file-line">
            <td id="L258" class="blob-num js-line-number" data-line-number="258"></td>
              <td>NYU_0051028</td>
              <td>29.18</td>
              <td>1</td>
              <td>80</td>
              <td>1</td>
              <td>2.49199</td>
              <td>2.44748</td>
              <td>254460.1174</td>
              <td>255377.5927</td>
              <td>246718.3541</td>
              <td>251129.163</td>
              <td>676638.7101</td>
          </tr>
          <tr id="LC259" class="js-file-line">
            <td id="L259" class="blob-num js-line-number" data-line-number="259"></td>
              <td>NYU_0051029</td>
              <td>26.516</td>
              <td>1</td>
              <td>107</td>
              <td>1</td>
              <td>2.58238</td>
              <td>2.55521</td>
              <td>267113.5815</td>
              <td>264893.9193</td>
              <td>228364.435</td>
              <td>231778.5714</td>
              <td>685689.5008</td>
          </tr>
          <tr id="LC260" class="js-file-line">
            <td id="L260" class="blob-num js-line-number" data-line-number="260"></td>
              <td>NYU_0051030</td>
              <td>7.29</td>
              <td>1</td>
              <td>139</td>
              <td>1</td>
              <td>2.81463</td>
              <td>2.85141</td>
              <td>312926.4806</td>
              <td>322721.2134</td>
              <td>211795.8908</td>
              <td>215995.7547</td>
              <td>807461.694</td>
          </tr>
          <tr id="LC261" class="js-file-line">
            <td id="L261" class="blob-num js-line-number" data-line-number="261"></td>
              <td>NYU_0051032</td>
              <td>7.15</td>
              <td>1</td>
              <td>93</td>
              <td>1</td>
              <td>2.76976</td>
              <td>2.77807</td>
              <td>269290.7695</td>
              <td>272072.9023</td>
              <td>182627.0561</td>
              <td>182853.3039</td>
              <td>710097.6718</td>
          </tr>
          <tr id="LC262" class="js-file-line">
            <td id="L262" class="blob-num js-line-number" data-line-number="262"></td>
              <td>NYU_0051033</td>
              <td>9.98</td>
              <td>1</td>
              <td>113</td>
              <td>1</td>
              <td>2.80897</td>
              <td>2.77562</td>
              <td>265531.7518</td>
              <td>273619.3905</td>
              <td>189012.8482</td>
              <td>195663.9266</td>
              <td>681840.1423</td>
          </tr>
          <tr id="LC263" class="js-file-line">
            <td id="L263" class="blob-num js-line-number" data-line-number="263"></td>
              <td>NYU_0051034</td>
              <td>10.65</td>
              <td>1</td>
              <td>109</td>
              <td>1</td>
              <td>2.714</td>
              <td>2.74588</td>
              <td>280557.6418</td>
              <td>285543.349</td>
              <td>213341.7095</td>
              <td>212558.882</td>
              <td>741861.9907</td>
          </tr>
          <tr id="LC264" class="js-file-line">
            <td id="L264" class="blob-num js-line-number" data-line-number="264"></td>
              <td>NYU_0051035</td>
              <td>10.27</td>
              <td>1</td>
              <td>100</td>
              <td>1</td>
              <td>2.76484</td>
              <td>2.72795</td>
              <td>291937.8864</td>
              <td>293322.3675</td>
              <td>199589.5805</td>
              <td>202867.0436</td>
              <td>769347.2538</td>
          </tr>
          <tr id="LC265" class="js-file-line">
            <td id="L265" class="blob-num js-line-number" data-line-number="265"></td>
              <td>NYU_0051064</td>
              <td>7.26</td>
              <td>1</td>
              <td>119</td>
              <td>-1</td>
              <td>2.83028</td>
              <td>2.83489</td>
              <td>268471.6918</td>
              <td>268712.2649</td>
              <td>189419.096</td>
              <td>188588.1292</td>
              <td>714378.9568</td>
          </tr>
          <tr id="LC266" class="js-file-line">
            <td id="L266" class="blob-num js-line-number" data-line-number="266"></td>
              <td>NYU_0051065</td>
              <td>10.52</td>
              <td>1</td>
              <td>105</td>
              <td>-1</td>
              <td>2.78765</td>
              <td>2.79913</td>
              <td>271123.3848</td>
              <td>272963.162</td>
              <td>204508.3403</td>
              <td>206309.3003</td>
              <td>706833.5468</td>
          </tr>
          <tr id="LC267" class="js-file-line">
            <td id="L267" class="blob-num js-line-number" data-line-number="267"></td>
              <td>NYU_0051066</td>
              <td>18.59</td>
              <td>1</td>
              <td>112</td>
              <td>-1</td>
              <td>2.64151</td>
              <td>2.59392</td>
              <td>238230.6166</td>
              <td>235347.8988</td>
              <td>195524.9664</td>
              <td>194486.8818</td>
              <td>643290.5154</td>
          </tr>
          <tr id="LC268" class="js-file-line">
            <td id="L268" class="blob-num js-line-number" data-line-number="268"></td>
              <td>NYU_0051067</td>
              <td>23.65</td>
              <td>1</td>
              <td>116</td>
              <td>-1</td>
              <td>2.4898</td>
              <td>2.48309</td>
              <td>301337.1389</td>
              <td>303017.4165</td>
              <td>268189.6696</td>
              <td>269483.6386</td>
              <td>787655.5554</td>
          </tr>
          <tr id="LC269" class="js-file-line">
            <td id="L269" class="blob-num js-line-number" data-line-number="269"></td>
              <td>NYU_0051068</td>
              <td>31.78</td>
              <td>1</td>
              <td>104</td>
              <td>-1</td>
              <td>2.51384</td>
              <td>2.60749</td>
              <td>239624.4417</td>
              <td>250085.0002</td>
              <td>216648.488</td>
              <td>213341.6498</td>
              <td>656831.442</td>
          </tr>
          <tr id="LC270" class="js-file-line">
            <td id="L270" class="blob-num js-line-number" data-line-number="270"></td>
              <td>NYU_0051069</td>
              <td>8.15</td>
              <td>1</td>
              <td>118</td>
              <td>-1</td>
              <td>2.87446</td>
              <td>2.84226</td>
              <td>310656.6178</td>
              <td>308868.0633</td>
              <td>236966.8577</td>
              <td>235039.2259</td>
              <td>816357.6811</td>
          </tr>
          <tr id="LC271" class="js-file-line">
            <td id="L271" class="blob-num js-line-number" data-line-number="271"></td>
              <td>NYU_0051070</td>
              <td>7.29</td>
              <td>1</td>
              <td>109</td>
              <td>-1</td>
              <td>2.93228</td>
              <td>2.91934</td>
              <td>335479.849</td>
              <td>332753.5195</td>
              <td>240095.9688</td>
              <td>237539.7226</td>
              <td>848845.3684</td>
          </tr>
          <tr id="LC272" class="js-file-line">
            <td id="L272" class="blob-num js-line-number" data-line-number="272"></td>
              <td>NYU_0051071</td>
              <td>10.69</td>
              <td>1</td>
              <td>80</td>
              <td>-1</td>
              <td>2.46224</td>
              <td>2.51125</td>
              <td>262082.1244</td>
              <td>260548.8239</td>
              <td>201903.9479</td>
              <td>198550.9866</td>
              <td>687979.9482</td>
          </tr>
          <tr id="LC273" class="js-file-line">
            <td id="L273" class="blob-num js-line-number" data-line-number="273"></td>
              <td>NYU_0051072</td>
              <td>11.91</td>
              <td>1</td>
              <td>121</td>
              <td>-1</td>
              <td>2.36914</td>
              <td>2.4015</td>
              <td>223115.7159</td>
              <td>221881.6463</td>
              <td>230080.4549</td>
              <td>226225.9926</td>
              <td>614968.3622</td>
          </tr>
          <tr id="LC274" class="js-file-line">
            <td id="L274" class="blob-num js-line-number" data-line-number="274"></td>
              <td>NYU_0051073</td>
              <td>12.49</td>
              <td>1</td>
              <td>126</td>
              <td>-1</td>
              <td>2.64363</td>
              <td>2.67005</td>
              <td>253691.8798</td>
              <td>260853.9575</td>
              <td>181889.5881</td>
              <td>183052.4839</td>
              <td>675594.8373</td>
          </tr>
          <tr id="LC275" class="js-file-line">
            <td id="L275" class="blob-num js-line-number" data-line-number="275"></td>
              <td>NYU_0051074</td>
              <td>12.81</td>
              <td>1</td>
              <td>123</td>
              <td>-1</td>
              <td>2.81911</td>
              <td>2.85379</td>
              <td>339247.9553</td>
              <td>340399.1597</td>
              <td>263482.3042</td>
              <td>262697.3058</td>
              <td>892289.1149</td>
          </tr>
          <tr id="LC276" class="js-file-line">
            <td id="L276" class="blob-num js-line-number" data-line-number="276"></td>
              <td>NYU_0051075</td>
              <td>14.2</td>
              <td>1</td>
              <td>109</td>
              <td>-1</td>
              <td>2.59605</td>
              <td>2.60482</td>
              <td>295454.851</td>
              <td>298197.1494</td>
              <td>239487.5642</td>
              <td>242405.1704</td>
              <td>782866.0004</td>
          </tr>
          <tr id="LC277" class="js-file-line">
            <td id="L277" class="blob-num js-line-number" data-line-number="277"></td>
              <td>NYU_0051076</td>
              <td>16.93</td>
              <td>1</td>
              <td>124</td>
              <td>-1</td>
              <td>2.50675</td>
              <td>2.56122</td>
              <td>293096.8431</td>
              <td>301705.4553</td>
              <td>266171.9132</td>
              <td>269288.0389</td>
              <td>789863.2984</td>
          </tr>
          <tr id="LC278" class="js-file-line">
            <td id="L278" class="blob-num js-line-number" data-line-number="278"></td>
              <td>NYU_0051077</td>
              <td>17.3</td>
              <td>1</td>
              <td>109</td>
              <td>-1</td>
              <td>2.64355</td>
              <td>2.6678</td>
              <td>254387.4529</td>
              <td>254068.5565</td>
              <td>218977.1582</td>
              <td>218846.0568</td>
              <td>670668.0094</td>
          </tr>
          <tr id="LC279" class="js-file-line">
            <td id="L279" class="blob-num js-line-number" data-line-number="279"></td>
              <td>NYU_0051078</td>
              <td>6.47</td>
              <td>1</td>
              <td>114</td>
              <td>-1</td>
              <td>2.75418</td>
              <td>2.75198</td>
              <td>292099.7246</td>
              <td>297169.822</td>
              <td>199552.7745</td>
              <td>201894.4044</td>
              <td>783925.5466</td>
          </tr>
          <tr id="LC280" class="js-file-line">
            <td id="L280" class="blob-num js-line-number" data-line-number="280"></td>
              <td>NYU_0051079</td>
              <td>7.19</td>
              <td>1</td>
              <td>129</td>
              <td>-1</td>
              <td>2.8383</td>
              <td>2.81637</td>
              <td>316167.0954</td>
              <td>312800.1855</td>
              <td>200965.268</td>
              <td>202464.6253</td>
              <td>772682.2808</td>
          </tr>
          <tr id="LC281" class="js-file-line">
            <td id="L281" class="blob-num js-line-number" data-line-number="281"></td>
              <td>NYU_0051080</td>
              <td>8.01</td>
              <td>1</td>
              <td>110</td>
              <td>-1</td>
              <td>2.82991</td>
              <td>2.8221</td>
              <td>315004.5284</td>
              <td>310557.9555</td>
              <td>205072.2781</td>
              <td>201756.4416</td>
              <td>817585.4839</td>
          </tr>
          <tr id="LC282" class="js-file-line">
            <td id="L282" class="blob-num js-line-number" data-line-number="282"></td>
              <td>NYU_0051081</td>
              <td>8.82</td>
              <td>1</td>
              <td>98</td>
              <td>-1</td>
              <td>2.69511</td>
              <td>2.71828</td>
              <td>265644.2412</td>
              <td>264531.8172</td>
              <td>198038.5102</td>
              <td>198295.1116</td>
              <td>706787.0584</td>
          </tr>
          <tr id="LC283" class="js-file-line">
            <td id="L283" class="blob-num js-line-number" data-line-number="283"></td>
              <td>NYU_0051082</td>
              <td>8.88</td>
              <td>1</td>
              <td>119</td>
              <td>-1</td>
              <td>2.74694</td>
              <td>2.75868</td>
              <td>309907.0926</td>
              <td>308068.2693</td>
              <td>226102.8317</td>
              <td>224756.6864</td>
              <td>800243.3619</td>
          </tr>
          <tr id="LC284" class="js-file-line">
            <td id="L284" class="blob-num js-line-number" data-line-number="284"></td>
              <td>NYU_0051083</td>
              <td>8.93</td>
              <td>1</td>
              <td>100</td>
              <td>-1</td>
              <td>2.76</td>
              <td>2.7844</td>
              <td>313011.2923</td>
              <td>317939.3824</td>
              <td>221179.2033</td>
              <td>223652.0869</td>
              <td>824392.6747</td>
          </tr>
          <tr id="LC285" class="js-file-line">
            <td id="L285" class="blob-num js-line-number" data-line-number="285"></td>
              <td>NYU_0051084</td>
              <td>9.23</td>
              <td>1</td>
              <td>118</td>
              <td>-1</td>
              <td>2.67927</td>
              <td>2.70535</td>
              <td>297064.9642</td>
              <td>299272.4929</td>
              <td>218861.2393</td>
              <td>219625.9443</td>
              <td>763352.4571</td>
          </tr>
          <tr id="LC286" class="js-file-line">
            <td id="L286" class="blob-num js-line-number" data-line-number="286"></td>
              <td>NYU_0051085</td>
              <td>9.81</td>
              <td>1</td>
              <td>101</td>
              <td>-1</td>
              <td>2.84205</td>
              <td>2.8252</td>
              <td>289675.6011</td>
              <td>289586.2847</td>
              <td>223866.9746</td>
              <td>224266.1962</td>
              <td>773006.8858</td>
          </tr>
          <tr id="LC287" class="js-file-line">
            <td id="L287" class="blob-num js-line-number" data-line-number="287"></td>
              <td>NYU_0051086</td>
              <td>10.46</td>
              <td>1</td>
              <td>119</td>
              <td>-1</td>
              <td>2.77826</td>
              <td>2.74435</td>
              <td>314139.3387</td>
              <td>310176.948</td>
              <td>263498.2496</td>
              <td>264117.9611</td>
              <td>803352.2868</td>
          </tr>
          <tr id="LC288" class="js-file-line">
            <td id="L288" class="blob-num js-line-number" data-line-number="288"></td>
              <td>NYU_0051087</td>
              <td>10.52</td>
              <td>1</td>
              <td>111</td>
              <td>-1</td>
              <td>2.73262</td>
              <td>2.76518</td>
              <td>307431.4242</td>
              <td>312966.5581</td>
              <td>227436.4429</td>
              <td>230145.5414</td>
              <td>825081.9823</td>
          </tr>
          <tr id="LC289" class="js-file-line">
            <td id="L289" class="blob-num js-line-number" data-line-number="289"></td>
              <td>NYU_0051088</td>
              <td>10.73</td>
              <td>1</td>
              <td>121</td>
              <td>-1</td>
              <td>2.72123</td>
              <td>2.73162</td>
              <td>303225.7567</td>
              <td>303466.0604</td>
              <td>216439.8931</td>
              <td>215561.4643</td>
              <td>757838.8171</td>
          </tr>
          <tr id="LC290" class="js-file-line">
            <td id="L290" class="blob-num js-line-number" data-line-number="290"></td>
              <td>NYU_0051089</td>
              <td>10.76</td>
              <td>1</td>
              <td>138</td>
              <td>-1</td>
              <td>2.80995</td>
              <td>2.73505</td>
              <td>293757.5515</td>
              <td>295283.1438</td>
              <td>197028.4936</td>
              <td>200275.321</td>
              <td>757288.6953</td>
          </tr>
          <tr id="LC291" class="js-file-line">
            <td id="L291" class="blob-num js-line-number" data-line-number="291"></td>
              <td>NYU_0051090</td>
              <td>11.03</td>
              <td>1</td>
              <td>107</td>
              <td>-1</td>
              <td>2.7086</td>
              <td>2.73006</td>
              <td>319743.6097</td>
              <td>320768.5979</td>
              <td>238036.5805</td>
              <td>237430.3284</td>
              <td>835427.2076</td>
          </tr>
          <tr id="LC292" class="js-file-line">
            <td id="L292" class="blob-num js-line-number" data-line-number="292"></td>
              <td>NYU_0051091</td>
              <td>11.32</td>
              <td>1</td>
              <td>142</td>
              <td>-1</td>
              <td>2.8865</td>
              <td>2.82388</td>
              <td>341387.4422</td>
              <td>334319.2627</td>
              <td>246155.9439</td>
              <td>244080.0369</td>
              <td>870245.7049</td>
          </tr>
          <tr id="LC293" class="js-file-line">
            <td id="L293" class="blob-num js-line-number" data-line-number="293"></td>
              <td>NYU_0051093</td>
              <td>11.69</td>
              <td>1</td>
              <td>116</td>
              <td>-1</td>
              <td>2.78077</td>
              <td>2.77682</td>
              <td>292686.9506</td>
              <td>290809.9103</td>
              <td>191886.3017</td>
              <td>191880.9545</td>
              <td>735473.8609</td>
          </tr>
          <tr id="LC294" class="js-file-line">
            <td id="L294" class="blob-num js-line-number" data-line-number="294"></td>
              <td>NYU_0051094</td>
              <td>12.1</td>
              <td>1</td>
              <td>107</td>
              <td>-1</td>
              <td>2.86114</td>
              <td>2.88721</td>
              <td>311920.919</td>
              <td>322372.3368</td>
              <td>222539.5609</td>
              <td>226613.5532</td>
              <td>808158.2558</td>
          </tr>
          <tr id="LC295" class="js-file-line">
            <td id="L295" class="blob-num js-line-number" data-line-number="295"></td>
              <td>NYU_0051095</td>
              <td>12.23</td>
              <td>1</td>
              <td>123</td>
              <td>-1</td>
              <td>2.70329</td>
              <td>2.75842</td>
              <td>319165.0113</td>
              <td>332880.1571</td>
              <td>244789.431</td>
              <td>251486.6418</td>
              <td>828437.1684</td>
          </tr>
          <tr id="LC296" class="js-file-line">
            <td id="L296" class="blob-num js-line-number" data-line-number="296"></td>
              <td>NYU_0051096</td>
              <td>13.18</td>
              <td>1</td>
              <td>101</td>
              <td>-1</td>
              <td>2.70777</td>
              <td>2.69049</td>
              <td>302630.6424</td>
              <td>302726.4063</td>
              <td>255692.6428</td>
              <td>256519.1293</td>
              <td>801454.0486</td>
          </tr>
          <tr id="LC297" class="js-file-line">
            <td id="L297" class="blob-num js-line-number" data-line-number="297"></td>
              <td>NYU_0051097</td>
              <td>13.583</td>
              <td>1</td>
              <td>126</td>
              <td>-1</td>
              <td>2.67388</td>
              <td>2.6949</td>
              <td>314076.4849</td>
              <td>312366.3787</td>
              <td>233797.8663</td>
              <td>231135.888</td>
              <td>829252.8636</td>
          </tr>
          <tr id="LC298" class="js-file-line">
            <td id="L298" class="blob-num js-line-number" data-line-number="298"></td>
              <td>NYU_0051098</td>
              <td>13.628</td>
              <td>1</td>
              <td>134</td>
              <td>-1</td>
              <td>2.6841</td>
              <td>2.67014</td>
              <td>306431.3574</td>
              <td>309870.36</td>
              <td>239897.6626</td>
              <td>242789.0824</td>
              <td>809639.7174</td>
          </tr>
          <tr id="LC299" class="js-file-line">
            <td id="L299" class="blob-num js-line-number" data-line-number="299"></td>
              <td>NYU_0051099</td>
              <td>13.72</td>
              <td>1</td>
              <td>87</td>
              <td>-1</td>
              <td>2.6937</td>
              <td>2.66864</td>
              <td>275074.7004</td>
              <td>273068.7</td>
              <td>204275.5392</td>
              <td>209039.8692</td>
              <td>732630.4004</td>
          </tr>
          <tr id="LC300" class="js-file-line">
            <td id="L300" class="blob-num js-line-number" data-line-number="300"></td>
              <td>NYU_0051100</td>
              <td>14.36</td>
              <td>1</td>
              <td>91</td>
              <td>-1</td>
              <td>2.62961</td>
              <td>2.64218</td>
              <td>265450.1206</td>
              <td>268433.923</td>
              <td>209350.6625</td>
              <td>208437.2696</td>
              <td>720374.0436</td>
          </tr>
          <tr id="LC301" class="js-file-line">
            <td id="L301" class="blob-num js-line-number" data-line-number="301"></td>
              <td>NYU_0051101</td>
              <td>14.425</td>
              <td>1</td>
              <td>104</td>
              <td>-1</td>
              <td>2.62584</td>
              <td>2.61984</td>
              <td>281247.8716</td>
              <td>283299.3477</td>
              <td>221630.5987</td>
              <td>219285.2731</td>
              <td>758892.2193</td>
          </tr>
          <tr id="LC302" class="js-file-line">
            <td id="L302" class="blob-num js-line-number" data-line-number="302"></td>
              <td>NYU_0051102</td>
              <td>14.653</td>
              <td>1</td>
              <td>110</td>
              <td>-1</td>
              <td>2.68653</td>
              <td>2.73657</td>
              <td>314710.2203</td>
              <td>314703.9206</td>
              <td>233847.1154</td>
              <td>231888.0284</td>
              <td>820070.141</td>
          </tr>
          <tr id="LC303" class="js-file-line">
            <td id="L303" class="blob-num js-line-number" data-line-number="303"></td>
              <td>NYU_0051103</td>
              <td>14.66</td>
              <td>1</td>
              <td>126</td>
              <td>-1</td>
              <td>2.77643</td>
              <td>2.80633</td>
              <td>333985.3453</td>
              <td>337611.9407</td>
              <td>263266.012</td>
              <td>264127.298</td>
              <td>878664.286</td>
          </tr>
          <tr id="LC304" class="js-file-line">
            <td id="L304" class="blob-num js-line-number" data-line-number="304"></td>
              <td>NYU_0051104</td>
              <td>15.27</td>
              <td>1</td>
              <td>104</td>
              <td>-1</td>
              <td>2.67686</td>
              <td>2.69397</td>
              <td>300232.6972</td>
              <td>301883.8308</td>
              <td>250860.9195</td>
              <td>251317.131</td>
              <td>789187.528</td>
          </tr>
          <tr id="LC305" class="js-file-line">
            <td id="L305" class="blob-num js-line-number" data-line-number="305"></td>
              <td>NYU_0051105</td>
              <td>15.284</td>
              <td>1</td>
              <td>83</td>
              <td>-1</td>
              <td>2.58219</td>
              <td>2.54277</td>
              <td>252281.7449</td>
              <td>249143.1459</td>
              <td>211113.4164</td>
              <td>211287.3806</td>
              <td>661076.8908</td>
          </tr>
          <tr id="LC306" class="js-file-line">
            <td id="L306" class="blob-num js-line-number" data-line-number="306"></td>
              <td>NYU_0051106</td>
              <td>15.42</td>
              <td>1</td>
              <td>85</td>
              <td>-1</td>
              <td>2.73684</td>
              <td>2.72268</td>
              <td>294623.7045</td>
              <td>295592.6188</td>
              <td>269647.5825</td>
              <td>269927.3914</td>
              <td>780984.3233</td>
          </tr>
          <tr id="LC307" class="js-file-line">
            <td id="L307" class="blob-num js-line-number" data-line-number="307"></td>
              <td>NYU_0051107</td>
              <td>15.53</td>
              <td>1</td>
              <td>107</td>
              <td>-1</td>
              <td>2.6267</td>
              <td>2.62475</td>
              <td>288804.1774</td>
              <td>289310.6644</td>
              <td>266776.2686</td>
              <td>262598.0459</td>
              <td>775910.8418</td>
          </tr>
          <tr id="LC308" class="js-file-line">
            <td id="L308" class="blob-num js-line-number" data-line-number="308"></td>
              <td>NYU_0051108</td>
              <td>15.71</td>
              <td>1</td>
              <td>108</td>
              <td>-1</td>
              <td>2.75546</td>
              <td>2.77234</td>
              <td>272149.9412</td>
              <td>272236.2773</td>
              <td>216569.67</td>
              <td>215919.5482</td>
              <td>721599.2185</td>
          </tr>
          <tr id="LC309" class="js-file-line">
            <td id="L309" class="blob-num js-line-number" data-line-number="309"></td>
              <td>NYU_0051109</td>
              <td>16.13</td>
              <td>1</td>
              <td>109</td>
              <td>-1</td>
              <td>2.65321</td>
              <td>2.62826</td>
              <td>258206.6247</td>
              <td>258586.4541</td>
              <td>225819.6368</td>
              <td>230430.7471</td>
              <td>702408.0788</td>
          </tr>
          <tr id="LC310" class="js-file-line">
            <td id="L310" class="blob-num js-line-number" data-line-number="310"></td>
              <td>NYU_0051110</td>
              <td>16.28</td>
              <td>1</td>
              <td>125</td>
              <td>-1</td>
              <td>2.68436</td>
              <td>2.68866</td>
              <td>318473.9915</td>
              <td>324247.1609</td>
              <td>283590.1084</td>
              <td>284721.8133</td>
              <td>834270.1525</td>
          </tr>
          <tr id="LC311" class="js-file-line">
            <td id="L311" class="blob-num js-line-number" data-line-number="311"></td>
              <td>NYU_0051111</td>
              <td>16.55</td>
              <td>1</td>
              <td>113</td>
              <td>-1</td>
              <td>2.62971</td>
              <td>2.58312</td>
              <td>287758.8055</td>
              <td>287148.6961</td>
              <td>259862.1371</td>
              <td>261993.4356</td>
              <td>750504.5016</td>
          </tr>
          <tr id="LC312" class="js-file-line">
            <td id="L312" class="blob-num js-line-number" data-line-number="312"></td>
              <td>NYU_0051112</td>
              <td>19.228</td>
              <td>1</td>
              <td>129</td>
              <td>-1</td>
              <td>2.47573</td>
              <td>2.48834</td>
              <td>259428.1699</td>
              <td>261626.7427</td>
              <td>260886.9781</td>
              <td>262326.9204</td>
              <td>677662.9126</td>
          </tr>
          <tr id="LC313" class="js-file-line">
            <td id="L313" class="blob-num js-line-number" data-line-number="313"></td>
              <td>NYU_0051113</td>
              <td>22.38</td>
              <td>1</td>
              <td>109</td>
              <td>-1</td>
              <td>2.51349</td>
              <td>2.56384</td>
              <td>257186.905</td>
              <td>263377.4911</td>
              <td>249796.7351</td>
              <td>250230.6567</td>
              <td>711629.3961</td>
          </tr>
          <tr id="LC314" class="js-file-line">
            <td id="L314" class="blob-num js-line-number" data-line-number="314"></td>
              <td>NYU_0051114</td>
              <td>22.48</td>
              <td>1</td>
              <td>123</td>
              <td>-1</td>
              <td>2.65512</td>
              <td>2.65963</td>
              <td>288576.1224</td>
              <td>292323.6947</td>
              <td>275920.3312</td>
              <td>279798.0417</td>
              <td>767849.8171</td>
          </tr>
          <tr id="LC315" class="js-file-line">
            <td id="L315" class="blob-num js-line-number" data-line-number="315"></td>
              <td>NYU_0051115</td>
              <td>22.76</td>
              <td>1</td>
              <td>119</td>
              <td>-1</td>
              <td>2.58798</td>
              <td>2.66535</td>
              <td>294504.1308</td>
              <td>302077.4209</td>
              <td>246823.2305</td>
              <td>247014.4921</td>
              <td>801957.5516</td>
          </tr>
          <tr id="LC316" class="js-file-line">
            <td id="L316" class="blob-num js-line-number" data-line-number="316"></td>
              <td>NYU_0051116</td>
              <td>25.34</td>
              <td>1</td>
              <td>115</td>
              <td>-1</td>
              <td>2.55288</td>
              <td>2.54686</td>
              <td>282195.8309</td>
              <td>278574.9389</td>
              <td>261279.1154</td>
              <td>259013.1762</td>
              <td>717872.7697</td>
          </tr>
          <tr id="LC317" class="js-file-line">
            <td id="L317" class="blob-num js-line-number" data-line-number="317"></td>
              <td>NYU_0051117</td>
              <td>28.203</td>
              <td>1</td>
              <td>103</td>
              <td>-1</td>
              <td>2.48617</td>
              <td>2.45181</td>
              <td>237658.6297</td>
              <td>235587.7717</td>
              <td>225740.1042</td>
              <td>227346.4124</td>
              <td>644543.4014</td>
          </tr>
          <tr id="LC318" class="js-file-line">
            <td id="L318" class="blob-num js-line-number" data-line-number="318"></td>
              <td>NYU_0051118</td>
              <td>29.02</td>
              <td>1</td>
              <td>122</td>
              <td>-1</td>
              <td>2.33333</td>
              <td>2.34196</td>
              <td>212090.951</td>
              <td>212231.9757</td>
              <td>228207.4938</td>
              <td>228949.1923</td>
              <td>602763.9267</td>
          </tr>
          <tr id="LC319" class="js-file-line">
            <td id="L319" class="blob-num js-line-number" data-line-number="319"></td>
              <td>NYU_0051119</td>
              <td>30.724</td>
              <td>1</td>
              <td>123</td>
              <td>-1</td>
              <td>2.54278</td>
              <td>2.53377</td>
              <td>265034.6866</td>
              <td>268838.8745</td>
              <td>265984.7139</td>
              <td>265092.5328</td>
              <td>719859.5611</td>
          </tr>
          <tr id="LC320" class="js-file-line">
            <td id="L320" class="blob-num js-line-number" data-line-number="320"></td>
              <td>NYU_0051120</td>
              <td>10.19</td>
              <td>1</td>
              <td>115</td>
              <td>-1</td>
              <td>2.69259</td>
              <td>2.70235</td>
              <td>305933.8882</td>
              <td>305606.497</td>
              <td>218372.4525</td>
              <td>217959.0898</td>
              <td>792892.3851</td>
          </tr>
          <tr id="LC321" class="js-file-line">
            <td id="L321" class="blob-num js-line-number" data-line-number="321"></td>
              <td>NYU_0051121</td>
              <td>10.74</td>
              <td>1</td>
              <td>113</td>
              <td>-1</td>
              <td>2.73852</td>
              <td>2.76686</td>
              <td>250387.9899</td>
              <td>253486.1317</td>
              <td>186393.1028</td>
              <td>186008.3659</td>
              <td>660234.1216</td>
          </tr>
          <tr id="LC322" class="js-file-line">
            <td id="L322" class="blob-num js-line-number" data-line-number="322"></td>
              <td>NYU_0051122</td>
              <td>11.92</td>
              <td>1</td>
              <td>111</td>
              <td>-1</td>
              <td>2.70099</td>
              <td>2.70151</td>
              <td>293633.1118</td>
              <td>294853.2452</td>
              <td>245941.8779</td>
              <td>246380.6319</td>
              <td>749660.357</td>
          </tr>
          <tr id="LC323" class="js-file-line">
            <td id="L323" class="blob-num js-line-number" data-line-number="323"></td>
              <td>NYU_0051123</td>
              <td>12.07</td>
              <td>1</td>
              <td>130</td>
              <td>-1</td>
              <td>2.75679</td>
              <td>2.74249</td>
              <td>285384.5591</td>
              <td>285723.9332</td>
              <td>217481.137</td>
              <td>219685.6448</td>
              <td>744798.4923</td>
          </tr>
          <tr id="LC324" class="js-file-line">
            <td id="L324" class="blob-num js-line-number" data-line-number="324"></td>
              <td>NYU_0051124</td>
              <td>12.67</td>
              <td>1</td>
              <td>124</td>
              <td>-1</td>
              <td>2.70577</td>
              <td>2.73075</td>
              <td>342964.5231</td>
              <td>340931.0118</td>
              <td>269250.0421</td>
              <td>269253.8482</td>
              <td>900523.5349</td>
          </tr>
          <tr id="LC325" class="js-file-line">
            <td id="L325" class="blob-num js-line-number" data-line-number="325"></td>
              <td>NYU_0051125</td>
              <td>14.79</td>
              <td>1</td>
              <td>112</td>
              <td>-1</td>
              <td>2.61198</td>
              <td>2.60909</td>
              <td>293668.6491</td>
              <td>294561.864</td>
              <td>234188.8607</td>
              <td>233121.1131</td>
              <td>776413.5131</td>
          </tr>
          <tr id="LC326" class="js-file-line">
            <td id="L326" class="blob-num js-line-number" data-line-number="326"></td>
              <td>NYU_0051126</td>
              <td>16.31</td>
              <td>1</td>
              <td>81</td>
              <td>-1</td>
              <td>2.44106</td>
              <td>2.45379</td>
              <td>251167.7525</td>
              <td>256382.5141</td>
              <td>211074.2326</td>
              <td>213980.9529</td>
              <td>661034.2666</td>
          </tr>
          <tr id="LC327" class="js-file-line">
            <td id="L327" class="blob-num js-line-number" data-line-number="327"></td>
              <td>NYU_0051127</td>
              <td>16.55</td>
              <td>1</td>
              <td>91</td>
              <td>-1</td>
              <td>2.50042</td>
              <td>2.51559</td>
              <td>302827.6636</td>
              <td>303947.3708</td>
              <td>269162.645</td>
              <td>266444.5271</td>
              <td>785815.0344</td>
          </tr>
          <tr id="LC328" class="js-file-line">
            <td id="L328" class="blob-num js-line-number" data-line-number="328"></td>
              <td>NYU_0051128</td>
              <td>16.88</td>
              <td>1</td>
              <td>125</td>
              <td>-1</td>
              <td>2.51654</td>
              <td>2.54955</td>
              <td>299618.445</td>
              <td>301934.5965</td>
              <td>267103.5636</td>
              <td>266769.1639</td>
              <td>806115.0416</td>
          </tr>
          <tr id="LC329" class="js-file-line">
            <td id="L329" class="blob-num js-line-number" data-line-number="329"></td>
              <td>NYU_0051129</td>
              <td>17.7</td>
              <td>1</td>
              <td>102</td>
              <td>-1</td>
              <td>2.50566</td>
              <td>2.54115</td>
              <td>263295.9405</td>
              <td>265973.6665</td>
              <td>227626.2427</td>
              <td>229013.4986</td>
              <td>695819.6069</td>
          </tr>
          <tr id="LC330" class="js-file-line">
            <td id="L330" class="blob-num js-line-number" data-line-number="330"></td>
              <td>NYU_0051130</td>
              <td>19.13</td>
              <td>1</td>
              <td>107</td>
              <td>-1</td>
              <td>2.59622</td>
              <td>2.58908</td>
              <td>245012.385</td>
              <td>249574.6606</td>
              <td>215936.3261</td>
              <td>220294.4408</td>
              <td>670015.0456</td>
          </tr>
          <tr id="LC331" class="js-file-line">
            <td id="L331" class="blob-num js-line-number" data-line-number="331"></td>
              <td>NYU_0051131</td>
              <td>19.73</td>
              <td>1</td>
              <td>119</td>
              <td>-1</td>
              <td>2.50899</td>
              <td>2.50144</td>
              <td>275512.5694</td>
              <td>275465.7261</td>
              <td>269663.9147</td>
              <td>271139.5742</td>
              <td>734396.2955</td>
          </tr>
          <tr id="LC332" class="js-file-line">
            <td id="L332" class="blob-num js-line-number" data-line-number="332"></td>
              <td>NYU_0051146</td>
              <td>20.02</td>
              <td>1</td>
              <td>106</td>
              <td>-1</td>
              <td>2.514</td>
              <td>2.49476</td>
              <td>269529.9613</td>
              <td>271363.8628</td>
              <td>250450.4785</td>
              <td>250973.3061</td>
              <td>727705.8241</td>
          </tr>
          <tr id="LC333" class="js-file-line">
            <td id="L333" class="blob-num js-line-number" data-line-number="333"></td>
              <td>NYU_0051147</td>
              <td>20.04</td>
              <td>1</td>
              <td>129</td>
              <td>-1</td>
              <td>2.5492</td>
              <td>2.53019</td>
              <td>273400.4353</td>
              <td>268839.6503</td>
              <td>231977.5306</td>
              <td>229005.0293</td>
              <td>722784.0855</td>
          </tr>
          <tr id="LC334" class="js-file-line">
            <td id="L334" class="blob-num js-line-number" data-line-number="334"></td>
              <td>NYU_0051148</td>
              <td>20.3</td>
              <td>1</td>
              <td>107</td>
              <td>-1</td>
              <td>2.44508</td>
              <td>2.45575</td>
              <td>235392.7914</td>
              <td>240722.5909</td>
              <td>221772.5698</td>
              <td>226154.5426</td>
              <td>649774.3823</td>
          </tr>
          <tr id="LC335" class="js-file-line">
            <td id="L335" class="blob-num js-line-number" data-line-number="335"></td>
              <td>NYU_0051149</td>
              <td>20.56</td>
              <td>1</td>
              <td>113</td>
              <td>-1</td>
              <td>2.61976</td>
              <td>2.58062</td>
              <td>242588.2581</td>
              <td>235190.1982</td>
              <td>195291.0313</td>
              <td>194278.3421</td>
              <td>654127.4563</td>
          </tr>
          <tr id="LC336" class="js-file-line">
            <td id="L336" class="blob-num js-line-number" data-line-number="336"></td>
              <td>NYU_0051150</td>
              <td>22.77</td>
              <td>1</td>
              <td>132</td>
              <td>-1</td>
              <td>2.39909</td>
              <td>2.39087</td>
              <td>256916.9706</td>
              <td>258701.6431</td>
              <td>246887.4736</td>
              <td>253812.5365</td>
              <td>680981.6137</td>
          </tr>
          <tr id="LC337" class="js-file-line">
            <td id="L337" class="blob-num js-line-number" data-line-number="337"></td>
              <td>NYU_0051151</td>
              <td>23.08</td>
              <td>1</td>
              <td>122</td>
              <td>-1</td>
              <td>2.41752</td>
              <td>2.42036</td>
              <td>286051.6556</td>
              <td>283523.7378</td>
              <td>298917.0499</td>
              <td>297025.1313</td>
              <td>776305.3934</td>
          </tr>
          <tr id="LC338" class="js-file-line">
            <td id="L338" class="blob-num js-line-number" data-line-number="338"></td>
              <td>NYU_0051152</td>
              <td>23.35</td>
              <td>1</td>
              <td>139</td>
              <td>-1</td>
              <td>2.48908</td>
              <td>2.49892</td>
              <td>272059.8928</td>
              <td>270303.0998</td>
              <td>255037.4046</td>
              <td>251860.6565</td>
              <td>698283.9926</td>
          </tr>
          <tr id="LC339" class="js-file-line">
            <td id="L339" class="blob-num js-line-number" data-line-number="339"></td>
              <td>NYU_0051153</td>
              <td>26.17</td>
              <td>1</td>
              <td>114</td>
              <td>-1</td>
              <td>2.49997</td>
              <td>2.5224</td>
              <td>266075.2498</td>
              <td>266256.3514</td>
              <td>259052.7505</td>
              <td>262680.6777</td>
              <td>709758.6013</td>
          </tr>
          <tr id="LC340" class="js-file-line">
            <td id="L340" class="blob-num js-line-number" data-line-number="340"></td>
              <td>NYU_0051154</td>
              <td>30.08</td>
              <td>1</td>
              <td>104</td>
              <td>-1</td>
              <td>2.47263</td>
              <td>2.4779</td>
              <td>239214.2856</td>
              <td>239843.6074</td>
              <td>239037.7906</td>
              <td>240869.0921</td>
              <td>643143.893</td>
          </tr>
          <tr id="LC341" class="js-file-line">
            <td id="L341" class="blob-num js-line-number" data-line-number="341"></td>
              <td>NYU_0051155</td>
              <td>30.78</td>
              <td>1</td>
              <td>104</td>
              <td>-1</td>
              <td>2.55144</td>
              <td>2.521</td>
              <td>282953.2877</td>
              <td>277627.9463</td>
              <td>288857.0745</td>
              <td>285461.7005</td>
              <td>731662.2339</td>
          </tr>
          <tr id="LC342" class="js-file-line">
            <td id="L342" class="blob-num js-line-number" data-line-number="342"></td>
              <td>NYU_0051156</td>
              <td>21.15</td>
              <td>1</td>
              <td>120</td>
              <td>-1</td>
              <td>2.53799</td>
              <td>2.53052</td>
              <td>276180.2007</td>
              <td>273253.0796</td>
              <td>255728.6939</td>
              <td>251679.4017</td>
              <td>735180.2803</td>
          </tr>
          <tr id="LC343" class="js-file-line">
            <td id="L343" class="blob-num js-line-number" data-line-number="343"></td>
              <td>NYU_0051159</td>
              <td>12.81</td>
              <td>1</td>
              <td>118</td>
              <td>-1</td>
              <td>2.69616</td>
              <td>2.72123</td>
              <td>293072.357</td>
              <td>299203.834</td>
              <td>220898.4222</td>
              <td>222916.9442</td>
              <td>781557.1911</td>
          </tr>
          <tr id="LC344" class="js-file-line">
            <td id="L344" class="blob-num js-line-number" data-line-number="344"></td>
              <td>OHSU_0050142</td>
              <td>13.99</td>
              <td>1</td>
              <td>124</td>
              <td>1</td>
              <td>2.72472</td>
              <td>2.7116</td>
              <td>307236.1447</td>
              <td>307402.5349</td>
              <td>245343.9811</td>
              <td>245886.4563</td>
              <td>799021.6797</td>
          </tr>
          <tr id="LC345" class="js-file-line">
            <td id="L345" class="blob-num js-line-number" data-line-number="345"></td>
              <td>OHSU_0050143</td>
              <td>13.79</td>
              <td>1</td>
              <td>130</td>
              <td>1</td>
              <td>2.7604</td>
              <td>2.76234</td>
              <td>314149.478</td>
              <td>314691.5349</td>
              <td>234276.7136</td>
              <td>235577.9631</td>
              <td>836260.0129</td>
          </tr>
          <tr id="LC346" class="js-file-line">
            <td id="L346" class="blob-num js-line-number" data-line-number="346"></td>
              <td>OHSU_0050144</td>
              <td>10.22</td>
              <td>1</td>
              <td>110</td>
              <td>1</td>
              <td>2.71497</td>
              <td>2.67926</td>
              <td>345823.5509</td>
              <td>349486.0662</td>
              <td>261699.4897</td>
              <td>265531.8694</td>
              <td>906039.6171</td>
          </tr>
          <tr id="LC347" class="js-file-line">
            <td id="L347" class="blob-num js-line-number" data-line-number="347"></td>
              <td>OHSU_0050145</td>
              <td>10.75</td>
              <td>1</td>
              <td>82</td>
              <td>1</td>
              <td>2.66892</td>
              <td>2.67477</td>
              <td>311521.743</td>
              <td>311190.1221</td>
              <td>219497.9178</td>
              <td>216098.8449</td>
              <td>778302.8651</td>
          </tr>
          <tr id="LC348" class="js-file-line">
            <td id="L348" class="blob-num js-line-number" data-line-number="348"></td>
              <td>OHSU_0050146</td>
              <td>8</td>
              <td>1</td>
              <td>132</td>
              <td>1</td>
              <td>2.81089</td>
              <td>2.79084</td>
              <td>328920.0922</td>
              <td>323379.8757</td>
              <td>248690.3473</td>
              <td>243989.7227</td>
              <td>847564.9679</td>
          </tr>
          <tr id="LC349" class="js-file-line">
            <td id="L349" class="blob-num js-line-number" data-line-number="349"></td>
              <td>OHSU_0050147</td>
              <td>11.35</td>
              <td>1</td>
              <td>128</td>
              <td>1</td>
              <td>2.79655</td>
              <td>2.82455</td>
              <td>321444.6025</td>
              <td>325508.7568</td>
              <td>230782.5403</td>
              <td>230958.8641</td>
              <td>834949.3593</td>
          </tr>
          <tr id="LC350" class="js-file-line">
            <td id="L350" class="blob-num js-line-number" data-line-number="350"></td>
              <td>OHSU_0050148</td>
              <td>12.65</td>
              <td>1</td>
              <td>69.6</td>
              <td>1</td>
              <td>2.75271</td>
              <td>2.74871</td>
              <td>319513.0354</td>
              <td>318618.5995</td>
              <td>243793.1821</td>
              <td>241008.944</td>
              <td>856369.6349</td>
          </tr>
          <tr id="LC351" class="js-file-line">
            <td id="L351" class="blob-num js-line-number" data-line-number="351"></td>
              <td>OHSU_0050149</td>
              <td>12.32</td>
              <td>1</td>
              <td>107.6</td>
              <td>1</td>
              <td>2.83607</td>
              <td>2.81688</td>
              <td>328156.0656</td>
              <td>327818.9994</td>
              <td>245079.0842</td>
              <td>243834.1629</td>
              <td>843738.065</td>
          </tr>
          <tr id="LC352" class="js-file-line">
            <td id="L352" class="blob-num js-line-number" data-line-number="352"></td>
              <td>OHSU_0050150</td>
              <td>9.42</td>
              <td>1</td>
              <td>77.2</td>
              <td>1</td>
              <td>2.98334</td>
              <td>2.9645</td>
              <td>305284.9787</td>
              <td>306862.4584</td>
              <td>213982.3544</td>
              <td>214878.9992</td>
              <td>787061.4371</td>
          </tr>
          <tr id="LC353" class="js-file-line">
            <td id="L353" class="blob-num js-line-number" data-line-number="353"></td>
              <td>OHSU_0050152</td>
              <td>9.73</td>
              <td>1</td>
              <td>105.7</td>
              <td>1</td>
              <td>2.78028</td>
              <td>2.7709</td>
              <td>306869.7696</td>
              <td>306039.0594</td>
              <td>211977.0601</td>
              <td>210497.2324</td>
              <td>802423.829</td>
          </tr>
          <tr id="LC354" class="js-file-line">
            <td id="L354" class="blob-num js-line-number" data-line-number="354"></td>
              <td>OHSU_0050153</td>
              <td>9.72</td>
              <td>1</td>
              <td>100</td>
              <td>1</td>
              <td>2.81844</td>
              <td>2.84793</td>
              <td>274156.6064</td>
              <td>282164.9105</td>
              <td>194316.3185</td>
              <td>194832.7909</td>
              <td>728232.5169</td>
          </tr>
          <tr id="LC355" class="js-file-line">
            <td id="L355" class="blob-num js-line-number" data-line-number="355"></td>
              <td>OHSU_0050155</td>
              <td>14.42</td>
              <td>1</td>
              <td>-9999</td>
              <td>1</td>
              <td>2.66319</td>
              <td>2.63209</td>
              <td>335257.2878</td>
              <td>332949.5747</td>
              <td>273889.5748</td>
              <td>269013.6196</td>
              <td>867694.8625</td>
          </tr>
          <tr id="LC356" class="js-file-line">
            <td id="L356" class="blob-num js-line-number" data-line-number="356"></td>
              <td>OHSU_0050156</td>
              <td>15.23</td>
              <td>1</td>
              <td>-9999</td>
              <td>1</td>
              <td>2.64959</td>
              <td>2.64894</td>
              <td>305116.685</td>
              <td>309760.6321</td>
              <td>236367.1469</td>
              <td>235383.8772</td>
              <td>822195.3171</td>
          </tr>
          <tr id="LC357" class="js-file-line">
            <td id="L357" class="blob-num js-line-number" data-line-number="357"></td>
              <td>OHSU_0050157</td>
              <td>10.5</td>
              <td>1</td>
              <td>104</td>
              <td>-1</td>
              <td>2.81842</td>
              <td>2.77451</td>
              <td>313618.9262</td>
              <td>305661.428</td>
              <td>207421.9353</td>
              <td>204804.2396</td>
              <td>820363.3542</td>
          </tr>
          <tr id="LC358" class="js-file-line">
            <td id="L358" class="blob-num js-line-number" data-line-number="358"></td>
              <td>OHSU_0050158</td>
              <td>11.55</td>
              <td>1</td>
              <td>106</td>
              <td>-1</td>
              <td>2.92109</td>
              <td>2.89589</td>
              <td>266683.3976</td>
              <td>270371.1216</td>
              <td>185098.5507</td>
              <td>186441.1293</td>
              <td>712054.5192</td>
          </tr>
          <tr id="LC359" class="js-file-line">
            <td id="L359" class="blob-num js-line-number" data-line-number="359"></td>
              <td>OHSU_0050159</td>
              <td>10.29</td>
              <td>1</td>
              <td>132</td>
              <td>-1</td>
              <td>2.62217</td>
              <td>2.67714</td>
              <td>277076.3076</td>
              <td>278742.9662</td>
              <td>211919.4348</td>
              <td>211593.4705</td>
              <td>733887.2738</td>
          </tr>
          <tr id="LC360" class="js-file-line">
            <td id="L360" class="blob-num js-line-number" data-line-number="360"></td>
              <td>OHSU_0050160</td>
              <td>11.45</td>
              <td>1</td>
              <td>112</td>
              <td>-1</td>
              <td>2.78276</td>
              <td>2.74838</td>
              <td>293355.6097</td>
              <td>290322.0146</td>
              <td>245638.5142</td>
              <td>239582.3332</td>
              <td>766439.6243</td>
          </tr>
          <tr id="LC361" class="js-file-line">
            <td id="L361" class="blob-num js-line-number" data-line-number="361"></td>
              <td>OHSU_0050161</td>
              <td>9.15</td>
              <td>1</td>
              <td>104</td>
              <td>-1</td>
              <td>2.67699</td>
              <td>2.6946</td>
              <td>272507.9065</td>
              <td>272196.0776</td>
              <td>216879.1131</td>
              <td>214462.635</td>
              <td>716677.9842</td>
          </tr>
          <tr id="LC362" class="js-file-line">
            <td id="L362" class="blob-num js-line-number" data-line-number="362"></td>
              <td>OHSU_0050162</td>
              <td>8.94</td>
              <td>1</td>
              <td>120</td>
              <td>-1</td>
              <td>2.73177</td>
              <td>2.70294</td>
              <td>282019.1308</td>
              <td>277412.2831</td>
              <td>195318.0803</td>
              <td>191980.4188</td>
              <td>723805.414</td>
          </tr>
          <tr id="LC363" class="js-file-line">
            <td id="L363" class="blob-num js-line-number" data-line-number="363"></td>
              <td>OHSU_0050163</td>
              <td>9.4</td>
              <td>1</td>
              <td>118.7</td>
              <td>-1</td>
              <td>2.7866</td>
              <td>2.79236</td>
              <td>306011.0741</td>
              <td>303864.9532</td>
              <td>223601.9162</td>
              <td>221486.0977</td>
              <td>797541.0273</td>
          </tr>
          <tr id="LC364" class="js-file-line">
            <td id="L364" class="blob-num js-line-number" data-line-number="364"></td>
              <td>OHSU_0050164</td>
              <td>8.86</td>
              <td>1</td>
              <td>122</td>
              <td>-1</td>
              <td>2.73636</td>
              <td>2.72066</td>
              <td>261019.7102</td>
              <td>255000.5428</td>
              <td>188079.6293</td>
              <td>185192.7284</td>
              <td>691412.253</td>
          </tr>
          <tr id="LC365" class="js-file-line">
            <td id="L365" class="blob-num js-line-number" data-line-number="365"></td>
              <td>OHSU_0050165</td>
              <td>9.69</td>
              <td>1</td>
              <td>126</td>
              <td>-1</td>
              <td>2.78617</td>
              <td>2.81676</td>
              <td>293803.5487</td>
              <td>292266.1705</td>
              <td>198713.6116</td>
              <td>196039.2208</td>
              <td>769224.7192</td>
          </tr>
          <tr id="LC366" class="js-file-line">
            <td id="L366" class="blob-num js-line-number" data-line-number="366"></td>
              <td>OHSU_0050166</td>
              <td>8.2</td>
              <td>1</td>
              <td>126</td>
              <td>-1</td>
              <td>2.73598</td>
              <td>2.7593</td>
              <td>280230.5958</td>
              <td>282104.5838</td>
              <td>197046.858</td>
              <td>196437.1475</td>
              <td>744541.1796</td>
          </tr>
          <tr id="LC367" class="js-file-line">
            <td id="L367" class="blob-num js-line-number" data-line-number="367"></td>
              <td>OHSU_0050167</td>
              <td>10.08</td>
              <td>1</td>
              <td>115.2</td>
              <td>-1</td>
              <td>2.73826</td>
              <td>2.72642</td>
              <td>320003.421</td>
              <td>315477.174</td>
              <td>233447.9934</td>
              <td>229721.8858</td>
              <td>818386.595</td>
          </tr>
          <tr id="LC368" class="js-file-line">
            <td id="L368" class="blob-num js-line-number" data-line-number="368"></td>
              <td>OHSU_0050168</td>
              <td>9.69</td>
              <td>1</td>
              <td>105.7</td>
              <td>-1</td>
              <td>2.81823</td>
              <td>2.81382</td>
              <td>293061.2322</td>
              <td>296240.9707</td>
              <td>201828.5034</td>
              <td>202067.529</td>
              <td>789238.2029</td>
          </tr>
          <tr id="LC369" class="js-file-line">
            <td id="L369" class="blob-num js-line-number" data-line-number="369"></td>
              <td>OHSU_0050169</td>
              <td>11.99</td>
              <td>1</td>
              <td>130</td>
              <td>-1</td>
              <td>2.66948</td>
              <td>2.67753</td>
              <td>311311.4152</td>
              <td>311159.7846</td>
              <td>240231.8268</td>
              <td>239315.8827</td>
              <td>821058.1999</td>
          </tr>
          <tr id="LC370" class="js-file-line">
            <td id="L370" class="blob-num js-line-number" data-line-number="370"></td>
              <td>OHSU_0050170</td>
              <td>10.53</td>
              <td>1</td>
              <td>94</td>
              <td>-1</td>
              <td>2.72344</td>
              <td>2.72924</td>
              <td>320939.1829</td>
              <td>320427.1485</td>
              <td>260267.0765</td>
              <td>259414.1267</td>
              <td>830359.3313</td>
          </tr>
          <tr id="LC371" class="js-file-line">
            <td id="L371" class="blob-num js-line-number" data-line-number="371"></td>
              <td>OHSU_0050171</td>
              <td>10.64</td>
              <td>1</td>
              <td>120</td>
              <td>-1</td>
              <td>2.68498</td>
              <td>2.73917</td>
              <td>322864.53</td>
              <td>326598.5857</td>
              <td>221092.6632</td>
              <td>218432.1311</td>
              <td>843263.1158</td>
          </tr>
          <tr id="LC372" class="js-file-line">
            <td id="L372" class="blob-num js-line-number" data-line-number="372"></td>
              <td>Olin_0050102</td>
              <td>14</td>
              <td>1</td>
              <td>103</td>
              <td>-1</td>
              <td>2.70502</td>
              <td>2.65458</td>
              <td>302647.4078</td>
              <td>298808.9714</td>
              <td>198066.1615</td>
              <td>203962.2541</td>
              <td>795790.3792</td>
          </tr>
          <tr id="LC373" class="js-file-line">
            <td id="L373" class="blob-num js-line-number" data-line-number="373"></td>
              <td>Olin_0050103</td>
              <td>14</td>
              <td>1</td>
              <td>106</td>
              <td>-1</td>
              <td>2.58954</td>
              <td>2.57425</td>
              <td>268040.3012</td>
              <td>267967.6605</td>
              <td>224891.291</td>
              <td>223375.8747</td>
              <td>717079.9617</td>
          </tr>
          <tr id="LC374" class="js-file-line">
            <td id="L374" class="blob-num js-line-number" data-line-number="374"></td>
              <td>Olin_0050104</td>
              <td>16</td>
              <td>1</td>
              <td>125</td>
              <td>-1</td>
              <td>2.7523</td>
              <td>2.71802</td>
              <td>318708.6785</td>
              <td>314706.131</td>
              <td>288146.7116</td>
              <td>285841.4203</td>
              <td>833248.8095</td>
          </tr>
          <tr id="LC375" class="js-file-line">
            <td id="L375" class="blob-num js-line-number" data-line-number="375"></td>
              <td>Olin_0050105</td>
              <td>17</td>
              <td>1</td>
              <td>100</td>
              <td>-1</td>
              <td>2.7089</td>
              <td>2.69468</td>
              <td>275797.6327</td>
              <td>269478.5947</td>
              <td>221338.5104</td>
              <td>216347.942</td>
              <td>737150.2273</td>
          </tr>
          <tr id="LC376" class="js-file-line">
            <td id="L376" class="blob-num js-line-number" data-line-number="376"></td>
              <td>Olin_0050106</td>
              <td>10</td>
              <td>1</td>
              <td>129</td>
              <td>-1</td>
              <td>2.85463</td>
              <td>2.85762</td>
              <td>286183.851</td>
              <td>288921.1</td>
              <td>211817.8491</td>
              <td>209567.9571</td>
              <td>736000.951</td>
          </tr>
          <tr id="LC377" class="js-file-line">
            <td id="L377" class="blob-num js-line-number" data-line-number="377"></td>
              <td>Olin_0050107</td>
              <td>21</td>
              <td>1</td>
              <td>132</td>
              <td>-1</td>
              <td>2.54534</td>
              <td>2.52648</td>
              <td>296432.051</td>
              <td>298831.5219</td>
              <td>289443.5956</td>
              <td>290646.2213</td>
              <td>804660.5729</td>
          </tr>
          <tr id="LC378" class="js-file-line">
            <td id="L378" class="blob-num js-line-number" data-line-number="378"></td>
              <td>Olin_0050108</td>
              <td>21</td>
              <td>1</td>
              <td>131</td>
              <td>-1</td>
              <td>2.61597</td>
              <td>2.52669</td>
              <td>274257.1601</td>
              <td>264451.7175</td>
              <td>228353.0808</td>
              <td>226105.8114</td>
              <td>732499.8776</td>
          </tr>
          <tr id="LC379" class="js-file-line">
            <td id="L379" class="blob-num js-line-number" data-line-number="379"></td>
              <td>Olin_0050109</td>
              <td>20</td>
              <td>1</td>
              <td>102</td>
              <td>-1</td>
              <td>2.43696</td>
              <td>2.45517</td>
              <td>244384.0948</td>
              <td>248114.5915</td>
              <td>221342.8073</td>
              <td>221039.6145</td>
              <td>660469.6863</td>
          </tr>
          <tr id="LC380" class="js-file-line">
            <td id="L380" class="blob-num js-line-number" data-line-number="380"></td>
              <td>Olin_0050110</td>
              <td>13</td>
              <td>1</td>
              <td>79</td>
              <td>-1</td>
              <td>2.60989</td>
              <td>2.65335</td>
              <td>236169.8772</td>
              <td>232861.5474</td>
              <td>206806.1426</td>
              <td>205497.6992</td>
              <td>639665.4246</td>
          </tr>
          <tr id="LC381" class="js-file-line">
            <td id="L381" class="blob-num js-line-number" data-line-number="381"></td>
              <td>Olin_0050111</td>
              <td>14</td>
              <td>1</td>
              <td>118</td>
              <td>-1</td>
              <td>2.70152</td>
              <td>2.70831</td>
              <td>280998.5958</td>
              <td>285822.9337</td>
              <td>237729.4026</td>
              <td>240116.2057</td>
              <td>757689.5294</td>
          </tr>
          <tr id="LC382" class="js-file-line">
            <td id="L382" class="blob-num js-line-number" data-line-number="382"></td>
              <td>Olin_0050112</td>
              <td>17</td>
              <td>1</td>
              <td>102</td>
              <td>-1</td>
              <td>2.62103</td>
              <td>2.60157</td>
              <td>245175.4216</td>
              <td>244860.8205</td>
              <td>236409.1279</td>
              <td>236644.5885</td>
              <td>672091.2421</td>
          </tr>
          <tr id="LC383" class="js-file-line">
            <td id="L383" class="blob-num js-line-number" data-line-number="383"></td>
              <td>Olin_0050115</td>
              <td>23</td>
              <td>1</td>
              <td>135</td>
              <td>-1</td>
              <td>2.56638</td>
              <td>2.57234</td>
              <td>240683.2073</td>
              <td>243727.8747</td>
              <td>193982.3981</td>
              <td>192596.8293</td>
              <td>662313.082</td>
          </tr>
          <tr id="LC384" class="js-file-line">
            <td id="L384" class="blob-num js-line-number" data-line-number="384"></td>
              <td>Olin_0050116</td>
              <td>15</td>
              <td>1</td>
              <td>115</td>
              <td>-1</td>
              <td>2.68388</td>
              <td>2.61687</td>
              <td>298635.0728</td>
              <td>293862.2026</td>
              <td>242320.9141</td>
              <td>241006.8926</td>
              <td>793279.2754</td>
          </tr>
          <tr id="LC385" class="js-file-line">
            <td id="L385" class="blob-num js-line-number" data-line-number="385"></td>
              <td>Olin_0050117</td>
              <td>21</td>
              <td>1</td>
              <td>135</td>
              <td>-1</td>
              <td>2.67724</td>
              <td>2.66221</td>
              <td>268241.893</td>
              <td>270296.2474</td>
              <td>239873.1595</td>
              <td>242716.9812</td>
              <td>735766.1404</td>
          </tr>
          <tr id="LC386" class="js-file-line">
            <td id="L386" class="blob-num js-line-number" data-line-number="386"></td>
              <td>Olin_0050118</td>
              <td>15</td>
              <td>1</td>
              <td>80</td>
              <td>1</td>
              <td>2.73069</td>
              <td>2.70013</td>
              <td>325250.5965</td>
              <td>321894.0629</td>
              <td>248924.3453</td>
              <td>251173.3203</td>
              <td>801255.6593</td>
          </tr>
          <tr id="LC387" class="js-file-line">
            <td id="L387" class="blob-num js-line-number" data-line-number="387"></td>
              <td>Olin_0050120</td>
              <td>15</td>
              <td>1</td>
              <td>103</td>
              <td>1</td>
              <td>2.6815</td>
              <td>2.64958</td>
              <td>272119.171</td>
              <td>271322.9221</td>
              <td>208018.2677</td>
              <td>204160.0706</td>
              <td>686975.0931</td>
          </tr>
          <tr id="LC388" class="js-file-line">
            <td id="L388" class="blob-num js-line-number" data-line-number="388"></td>
              <td>Olin_0050121</td>
              <td>20</td>
              <td>1</td>
              <td>118</td>
              <td>1</td>
              <td>2.77882</td>
              <td>2.72364</td>
              <td>313747.1687</td>
              <td>309825.0362</td>
              <td>281946.6311</td>
              <td>279087.1652</td>
              <td>826494.2049</td>
          </tr>
          <tr id="LC389" class="js-file-line">
            <td id="L389" class="blob-num js-line-number" data-line-number="389"></td>
              <td>Olin_0050122</td>
              <td>12</td>
              <td>1</td>
              <td>112</td>
              <td>1</td>
              <td>2.70172</td>
              <td>2.6359</td>
              <td>267734.3173</td>
              <td>266241.9448</td>
              <td>192445.9181</td>
              <td>192728.8547</td>
              <td>675617.2621</td>
          </tr>
          <tr id="LC390" class="js-file-line">
            <td id="L390" class="blob-num js-line-number" data-line-number="390"></td>
              <td>Olin_0050123</td>
              <td>17</td>
              <td>1</td>
              <td>135</td>
              <td>1</td>
              <td>2.50759</td>
              <td>2.46417</td>
              <td>276560.1432</td>
              <td>273203.4957</td>
              <td>269638.7272</td>
              <td>269612.1097</td>
              <td>715994.6389</td>
          </tr>
          <tr id="LC391" class="js-file-line">
            <td id="L391" class="blob-num js-line-number" data-line-number="391"></td>
              <td>Olin_0050124</td>
              <td>18</td>
              <td>1</td>
              <td>100</td>
              <td>1</td>
              <td>2.67457</td>
              <td>2.74666</td>
              <td>253549.6935</td>
              <td>260133.0905</td>
              <td>216286.9054</td>
              <td>216401.8476</td>
              <td>678089.784</td>
          </tr>
          <tr id="LC392" class="js-file-line">
            <td id="L392" class="blob-num js-line-number" data-line-number="392"></td>
              <td>Olin_0050126</td>
              <td>17</td>
              <td>1</td>
              <td>133</td>
              <td>1</td>
              <td>2.50717</td>
              <td>2.44521</td>
              <td>243736.4688</td>
              <td>233579.2075</td>
              <td>203466.0733</td>
              <td>199136.8253</td>
              <td>658520.6763</td>
          </tr>
          <tr id="LC393" class="js-file-line">
            <td id="L393" class="blob-num js-line-number" data-line-number="393"></td>
              <td>Olin_0050128</td>
              <td>16</td>
              <td>1</td>
              <td>114</td>
              <td>1</td>
              <td>2.74925</td>
              <td>2.70927</td>
              <td>285666.8766</td>
              <td>283059.7132</td>
              <td>230157.044</td>
              <td>228511.8399</td>
              <td>751723.5898</td>
          </tr>
          <tr id="LC394" class="js-file-line">
            <td id="L394" class="blob-num js-line-number" data-line-number="394"></td>
              <td>Olin_0050129</td>
              <td>12</td>
              <td>1</td>
              <td>108</td>
              <td>1</td>
              <td>2.55641</td>
              <td>2.54227</td>
              <td>235285.7866</td>
              <td>238074.4622</td>
              <td>169443.5484</td>
              <td>169740.0486</td>
              <td>627355.2488</td>
          </tr>
          <tr id="LC395" class="js-file-line">
            <td id="L395" class="blob-num js-line-number" data-line-number="395"></td>
              <td>Olin_0050130</td>
              <td>18</td>
              <td>1</td>
              <td>129</td>
              <td>1</td>
              <td>2.5733</td>
              <td>2.55461</td>
              <td>267679.5099</td>
              <td>263987.821</td>
              <td>234248.4181</td>
              <td>230191.2858</td>
              <td>724555.3309</td>
          </tr>
          <tr id="LC396" class="js-file-line">
            <td id="L396" class="blob-num js-line-number" data-line-number="396"></td>
              <td>Olin_0050131</td>
              <td>21</td>
              <td>1</td>
              <td>71</td>
              <td>1</td>
              <td>2.7308</td>
              <td>2.72651</td>
              <td>313918.9894</td>
              <td>312713.8412</td>
              <td>283259.1082</td>
              <td>285555.5187</td>
              <td>823074.8306</td>
          </tr>
          <tr id="LC397" class="js-file-line">
            <td id="L397" class="blob-num js-line-number" data-line-number="397"></td>
              <td>Olin_0050132</td>
              <td>16</td>
              <td>1</td>
              <td>-9999</td>
              <td>1</td>
              <td>2.92713</td>
              <td>2.89189</td>
              <td>365038.9273</td>
              <td>358411.2557</td>
              <td>302381.2848</td>
              <td>297463.4698</td>
              <td>946174.1829</td>
          </tr>
          <tr id="LC398" class="js-file-line">
            <td id="L398" class="blob-num js-line-number" data-line-number="398"></td>
              <td>Olin_0050133</td>
              <td>11</td>
              <td>1</td>
              <td>112</td>
              <td>1</td>
              <td>2.76006</td>
              <td>2.67564</td>
              <td>236922.5315</td>
              <td>218164.4465</td>
              <td>203604.5228</td>
              <td>195447.935</td>
              <td>633987.9779</td>
          </tr>
          <tr id="LC399" class="js-file-line">
            <td id="L399" class="blob-num js-line-number" data-line-number="399"></td>
              <td>Olin_0050134</td>
              <td>18</td>
              <td>1</td>
              <td>124</td>
              <td>1</td>
              <td>2.5875</td>
              <td>2.5951</td>
              <td>263724.8914</td>
              <td>266719.2945</td>
              <td>234825.5422</td>
              <td>236796.0316</td>
              <td>705130.186</td>
          </tr>
          <tr id="LC400" class="js-file-line">
            <td id="L400" class="blob-num js-line-number" data-line-number="400"></td>
              <td>Olin_0050135</td>
              <td>12</td>
              <td>1</td>
              <td>97</td>
              <td>1</td>
              <td>2.71055</td>
              <td>2.68657</td>
              <td>305144.3983</td>
              <td>306338.274</td>
              <td>248989.2656</td>
              <td>250812.1918</td>
              <td>772854.6723</td>
          </tr>
          <tr id="LC401" class="js-file-line">
            <td id="L401" class="blob-num js-line-number" data-line-number="401"></td>
              <td>Olin_0050136</td>
              <td>19</td>
              <td>1</td>
              <td>131</td>
              <td>1</td>
              <td>2.56857</td>
              <td>2.56601</td>
              <td>277153.0477</td>
              <td>266005.8142</td>
              <td>263410.3184</td>
              <td>254561.4841</td>
              <td>692273.8619</td>
          </tr>
          <tr id="LC402" class="js-file-line">
            <td id="L402" class="blob-num js-line-number" data-line-number="402"></td>
              <td>Olin_0050137</td>
              <td>20</td>
              <td>1</td>
              <td>120</td>
              <td>1</td>
              <td>2.77505</td>
              <td>2.74897</td>
              <td>312928.0861</td>
              <td>312300.502</td>
              <td>277732.9704</td>
              <td>276270.195</td>
              <td>826981.5881</td>
          </tr>
          <tr id="LC403" class="js-file-line">
            <td id="L403" class="blob-num js-line-number" data-line-number="403"></td>
              <td>Pitt_0050002</td>
              <td>16.77</td>
              <td>1</td>
              <td>103</td>
              <td>1</td>
              <td>2.70029</td>
              <td>2.64122</td>
              <td>296449.0924</td>
              <td>295119.8736</td>
              <td>249116.747</td>
              <td>250974.8645</td>
              <td>798133.9659</td>
          </tr>
          <tr id="LC404" class="js-file-line">
            <td id="L404" class="blob-num js-line-number" data-line-number="404"></td>
              <td>Pitt_0050003</td>
              <td>24.45</td>
              <td>1</td>
              <td>124</td>
              <td>1</td>
              <td>2.48222</td>
              <td>2.43994</td>
              <td>258803.6051</td>
              <td>252952.4777</td>
              <td>259514.1846</td>
              <td>259877.6199</td>
              <td>719448.0828</td>
          </tr>
          <tr id="LC405" class="js-file-line">
            <td id="L405" class="blob-num js-line-number" data-line-number="405"></td>
              <td>Pitt_0050004</td>
              <td>19.09</td>
              <td>1</td>
              <td>113</td>
              <td>1</td>
              <td>2.72793</td>
              <td>2.65622</td>
              <td>290930.2294</td>
              <td>283457.0308</td>
              <td>253697.4954</td>
              <td>251609.9151</td>
              <td>778229.2603</td>
          </tr>
          <tr id="LC406" class="js-file-line">
            <td id="L406" class="blob-num js-line-number" data-line-number="406"></td>
              <td>Pitt_0050006</td>
              <td>13.37</td>
              <td>1</td>
              <td>109</td>
              <td>1</td>
              <td>2.83065</td>
              <td>2.78245</td>
              <td>303019.1029</td>
              <td>300790.9573</td>
              <td>237481.4826</td>
              <td>233553.1246</td>
              <td>809902.0602</td>
          </tr>
          <tr id="LC407" class="js-file-line">
            <td id="L407" class="blob-num js-line-number" data-line-number="407"></td>
              <td>Pitt_0050007</td>
              <td>17.78</td>
              <td>1</td>
              <td>110</td>
              <td>1</td>
              <td>2.45553</td>
              <td>2.4455</td>
              <td>313551.0218</td>
              <td>315917.3954</td>
              <td>310405.6034</td>
              <td>307324.5367</td>
              <td>845437.4172</td>
          </tr>
          <tr id="LC408" class="js-file-line">
            <td id="L408" class="blob-num js-line-number" data-line-number="408"></td>
              <td>Pitt_0050008</td>
              <td>32.45</td>
              <td>1</td>
              <td>123</td>
              <td>1</td>
              <td>2.46618</td>
              <td>2.49008</td>
              <td>247804.9995</td>
              <td>250086.8589</td>
              <td>252693.2275</td>
              <td>248821.7198</td>
              <td>680617.8585</td>
          </tr>
          <tr id="LC409" class="js-file-line">
            <td id="L409" class="blob-num js-line-number" data-line-number="409"></td>
              <td>Pitt_0050009</td>
              <td>33.86</td>
              <td>1</td>
              <td>126</td>
              <td>1</td>
              <td>2.48973</td>
              <td>2.49917</td>
              <td>262794.7949</td>
              <td>267525.3867</td>
              <td>272833.8679</td>
              <td>274911.061</td>
              <td>728851.1816</td>
          </tr>
          <tr id="LC410" class="js-file-line">
            <td id="L410" class="blob-num js-line-number" data-line-number="410"></td>
              <td>Pitt_0050010</td>
              <td>35.2</td>
              <td>1</td>
              <td>81</td>
              <td>1</td>
              <td>2.58798</td>
              <td>2.57291</td>
              <td>181848.3454</td>
              <td>182835.4399</td>
              <td>170868.1946</td>
              <td>170781.7512</td>
              <td>516684.7854</td>
          </tr>
          <tr id="LC411" class="js-file-line">
            <td id="L411" class="blob-num js-line-number" data-line-number="411"></td>
              <td>Pitt_0050011</td>
              <td>16.93</td>
              <td>1</td>
              <td>111</td>
              <td>1</td>
              <td>2.54504</td>
              <td>2.52568</td>
              <td>308430.0633</td>
              <td>313812.1282</td>
              <td>254471.3903</td>
              <td>258164.1279</td>
              <td>825581.1916</td>
          </tr>
          <tr id="LC412" class="js-file-line">
            <td id="L412" class="blob-num js-line-number" data-line-number="412"></td>
              <td>Pitt_0050012</td>
              <td>21.48</td>
              <td>1</td>
              <td>128</td>
              <td>1</td>
              <td>2.60733</td>
              <td>2.5823</td>
              <td>254343.8464</td>
              <td>251831.4043</td>
              <td>245076.019</td>
              <td>242499.245</td>
              <td>694351.2507</td>
          </tr>
          <tr id="LC413" class="js-file-line">
            <td id="L413" class="blob-num js-line-number" data-line-number="413"></td>
              <td>Pitt_0050013</td>
              <td>9.33</td>
              <td>1</td>
              <td>86</td>
              <td>1</td>
              <td>2.76724</td>
              <td>2.77864</td>
              <td>265785.6047</td>
              <td>271088.7489</td>
              <td>210320.221</td>
              <td>207269.0935</td>
              <td>721401.3536</td>
          </tr>
          <tr id="LC414" class="js-file-line">
            <td id="L414" class="blob-num js-line-number" data-line-number="414"></td>
              <td>Pitt_0050014</td>
              <td>14.2</td>
              <td>1</td>
              <td>96</td>
              <td>1</td>
              <td>2.63129</td>
              <td>2.62085</td>
              <td>273973.5977</td>
              <td>276443.9846</td>
              <td>210126.2025</td>
              <td>208360.3092</td>
              <td>751215.5823</td>
          </tr>
          <tr id="LC415" class="js-file-line">
            <td id="L415" class="blob-num js-line-number" data-line-number="415"></td>
              <td>Pitt_0050015</td>
              <td>14.2</td>
              <td>1</td>
              <td>99</td>
              <td>1</td>
              <td>2.57628</td>
              <td>2.60791</td>
              <td>274327.0247</td>
              <td>278333.9072</td>
              <td>216110.5912</td>
              <td>216251.5203</td>
              <td>744615.9319</td>
          </tr>
          <tr id="LC416" class="js-file-line">
            <td id="L416" class="blob-num js-line-number" data-line-number="416"></td>
              <td>Pitt_0050016</td>
              <td>21.82</td>
              <td>1</td>
              <td>123</td>
              <td>1</td>
              <td>2.52724</td>
              <td>2.48712</td>
              <td>324599.6721</td>
              <td>321998.1201</td>
              <td>300826.8929</td>
              <td>297896.9922</td>
              <td>855101.7922</td>
          </tr>
          <tr id="LC417" class="js-file-line">
            <td id="L417" class="blob-num js-line-number" data-line-number="417"></td>
              <td>Pitt_0050017</td>
              <td>22.7</td>
              <td>1</td>
              <td>87</td>
              <td>1</td>
              <td>2.42289</td>
              <td>2.41918</td>
              <td>245239.6365</td>
              <td>253177.7451</td>
              <td>248836.6373</td>
              <td>252193.0957</td>
              <td>691617.3815</td>
          </tr>
          <tr id="LC418" class="js-file-line">
            <td id="L418" class="blob-num js-line-number" data-line-number="418"></td>
              <td>Pitt_0050019</td>
              <td>27.81</td>
              <td>1</td>
              <td>100</td>
              <td>1</td>
              <td>2.47784</td>
              <td>2.42589</td>
              <td>299175.6835</td>
              <td>300887.3727</td>
              <td>305796.8171</td>
              <td>310905.9624</td>
              <td>804891.0562</td>
          </tr>
          <tr id="LC419" class="js-file-line">
            <td id="L419" class="blob-num js-line-number" data-line-number="419"></td>
              <td>Pitt_0050020</td>
              <td>20.83</td>
              <td>1</td>
              <td>100</td>
              <td>1</td>
              <td>2.38703</td>
              <td>2.38716</td>
              <td>251294.2543</td>
              <td>252313.4472</td>
              <td>242748.0227</td>
              <td>247439.0222</td>
              <td>700185.7015</td>
          </tr>
          <tr id="LC420" class="js-file-line">
            <td id="L420" class="blob-num js-line-number" data-line-number="420"></td>
              <td>Pitt_0050022</td>
              <td>16.99</td>
              <td>1</td>
              <td>119</td>
              <td>1</td>
              <td>2.65878</td>
              <td>2.70079</td>
              <td>291258.8206</td>
              <td>294377.8871</td>
              <td>245816.3579</td>
              <td>243460.5218</td>
              <td>784559.7077</td>
          </tr>
          <tr id="LC421" class="js-file-line">
            <td id="L421" class="blob-num js-line-number" data-line-number="421"></td>
              <td>Pitt_0050024</td>
              <td>22.64</td>
              <td>1</td>
              <td>127</td>
              <td>1</td>
              <td>2.62251</td>
              <td>2.62544</td>
              <td>263951.3803</td>
              <td>265383.981</td>
              <td>234660.2853</td>
              <td>231313.9318</td>
              <td>719486.3613</td>
          </tr>
          <tr id="LC422" class="js-file-line">
            <td id="L422" class="blob-num js-line-number" data-line-number="422"></td>
              <td>Pitt_0050025</td>
              <td>31.72</td>
              <td>1</td>
              <td>131</td>
              <td>1</td>
              <td>2.65369</td>
              <td>2.6742</td>
              <td>220121.9251</td>
              <td>224677.355</td>
              <td>213118.3385</td>
              <td>214519.285</td>
              <td>618197.2801</td>
          </tr>
          <tr id="LC423" class="js-file-line">
            <td id="L423" class="blob-num js-line-number" data-line-number="423"></td>
              <td>Pitt_0050026</td>
              <td>16.28</td>
              <td>1</td>
              <td>87</td>
              <td>1</td>
              <td>2.58332</td>
              <td>2.59491</td>
              <td>297317.3753</td>
              <td>299512.1304</td>
              <td>249296.8307</td>
              <td>250528.3503</td>
              <td>788155.5057</td>
          </tr>
          <tr id="LC424" class="js-file-line">
            <td id="L424" class="blob-num js-line-number" data-line-number="424"></td>
              <td>Pitt_0050027</td>
              <td>12.24</td>
              <td>1</td>
              <td>98</td>
              <td>1</td>
              <td>2.69643</td>
              <td>2.65975</td>
              <td>238915.7384</td>
              <td>235491.294</td>
              <td>183373.1492</td>
              <td>180875.7566</td>
              <td>652416.0324</td>
          </tr>
          <tr id="LC425" class="js-file-line">
            <td id="L425" class="blob-num js-line-number" data-line-number="425"></td>
              <td>Pitt_0050028</td>
              <td>12.74</td>
              <td>1</td>
              <td>126</td>
              <td>1</td>
              <td>2.60784</td>
              <td>2.56812</td>
              <td>308762.9643</td>
              <td>310817.371</td>
              <td>264806.6783</td>
              <td>263578.7359</td>
              <td>837366.3352</td>
          </tr>
          <tr id="LC426" class="js-file-line">
            <td id="L426" class="blob-num js-line-number" data-line-number="426"></td>
              <td>Pitt_0050030</td>
              <td>25.12</td>
              <td>1</td>
              <td>105</td>
              <td>-1</td>
              <td>2.53552</td>
              <td>2.52647</td>
              <td>271555.5711</td>
              <td>273665.7341</td>
              <td>257952.0622</td>
              <td>260021.9538</td>
              <td>741131.3051</td>
          </tr>
          <tr id="LC427" class="js-file-line">
            <td id="L427" class="blob-num js-line-number" data-line-number="427"></td>
              <td>Pitt_0050031</td>
              <td>12.92</td>
              <td>1</td>
              <td>106</td>
              <td>-1</td>
              <td>2.73364</td>
              <td>2.69527</td>
              <td>299257.3337</td>
              <td>295697.7741</td>
              <td>240870.5803</td>
              <td>233068.3994</td>
              <td>800346.1078</td>
          </tr>
          <tr id="LC428" class="js-file-line">
            <td id="L428" class="blob-num js-line-number" data-line-number="428"></td>
              <td>Pitt_0050032</td>
              <td>19.8</td>
              <td>1</td>
              <td>119</td>
              <td>-1</td>
              <td>2.60621</td>
              <td>2.57325</td>
              <td>277410.8763</td>
              <td>280569.3609</td>
              <td>263957.7132</td>
              <td>269232.6352</td>
              <td>754472.2371</td>
          </tr>
          <tr id="LC429" class="js-file-line">
            <td id="L429" class="blob-num js-line-number" data-line-number="429"></td>
              <td>Pitt_0050033</td>
              <td>12.15</td>
              <td>1</td>
              <td>98</td>
              <td>-1</td>
              <td>2.60378</td>
              <td>2.60505</td>
              <td>271431.5711</td>
              <td>271213.8772</td>
              <td>242724.0871</td>
              <td>243236.0094</td>
              <td>719591.4483</td>
          </tr>
          <tr id="LC430" class="js-file-line">
            <td id="L430" class="blob-num js-line-number" data-line-number="430"></td>
              <td>Pitt_0050034</td>
              <td>14.77</td>
              <td>1</td>
              <td>97</td>
              <td>-1</td>
              <td>2.63195</td>
              <td>2.58754</td>
              <td>279965.6051</td>
              <td>277817.5451</td>
              <td>235507.7636</td>
              <td>237907.0119</td>
              <td>748352.1502</td>
          </tr>
          <tr id="LC431" class="js-file-line">
            <td id="L431" class="blob-num js-line-number" data-line-number="431"></td>
              <td>Pitt_0050035</td>
              <td>17.36</td>
              <td>1</td>
              <td>107</td>
              <td>-1</td>
              <td>2.70688</td>
              <td>2.74054</td>
              <td>280192.2082</td>
              <td>286073.8215</td>
              <td>234853.6408</td>
              <td>231907.1312</td>
              <td>755995.0297</td>
          </tr>
          <tr id="LC432" class="js-file-line">
            <td id="L432" class="blob-num js-line-number" data-line-number="432"></td>
              <td>Pitt_0050037</td>
              <td>19.16</td>
              <td>1</td>
              <td>115</td>
              <td>-1</td>
              <td>2.63153</td>
              <td>2.64194</td>
              <td>278197.1615</td>
              <td>282791.2206</td>
              <td>244468.9853</td>
              <td>245546.8732</td>
              <td>770764.382</td>
          </tr>
          <tr id="LC433" class="js-file-line">
            <td id="L433" class="blob-num js-line-number" data-line-number="433"></td>
              <td>Pitt_0050039</td>
              <td>30.66</td>
              <td>1</td>
              <td>118</td>
              <td>-1</td>
              <td>2.53834</td>
              <td>2.50757</td>
              <td>247957.3269</td>
              <td>245535.5818</td>
              <td>256443.1828</td>
              <td>256320.6048</td>
              <td>665720.9087</td>
          </tr>
          <tr id="LC434" class="js-file-line">
            <td id="L434" class="blob-num js-line-number" data-line-number="434"></td>
              <td>Pitt_0050040</td>
              <td>24.6</td>
              <td>1</td>
              <td>110</td>
              <td>-1</td>
              <td>2.57637</td>
              <td>2.54805</td>
              <td>245501.2595</td>
              <td>243001.1295</td>
              <td>249922.8242</td>
              <td>247371.079</td>
              <td>677668.389</td>
          </tr>
          <tr id="LC435" class="js-file-line">
            <td id="L435" class="blob-num js-line-number" data-line-number="435"></td>
              <td>Pitt_0050041</td>
              <td>27.92</td>
              <td>1</td>
              <td>103</td>
              <td>-1</td>
              <td>2.59144</td>
              <td>2.57268</td>
              <td>283964.2616</td>
              <td>287032.3399</td>
              <td>284919.8797</td>
              <td>286095.4312</td>
              <td>761134.6016</td>
          </tr>
          <tr id="LC436" class="js-file-line">
            <td id="L436" class="blob-num js-line-number" data-line-number="436"></td>
              <td>Pitt_0050042</td>
              <td>33.17</td>
              <td>1</td>
              <td>109</td>
              <td>-1</td>
              <td>2.55141</td>
              <td>2.55343</td>
              <td>242427.1749</td>
              <td>238684.3808</td>
              <td>226583.9158</td>
              <td>222202.8344</td>
              <td>673628.5557</td>
          </tr>
          <tr id="LC437" class="js-file-line">
            <td id="L437" class="blob-num js-line-number" data-line-number="437"></td>
              <td>Pitt_0050043</td>
              <td>13.78</td>
              <td>1</td>
              <td>113</td>
              <td>-1</td>
              <td>2.76639</td>
              <td>2.74172</td>
              <td>280298.2186</td>
              <td>280733.3677</td>
              <td>229531.2979</td>
              <td>228697.4573</td>
              <td>751200.5863</td>
          </tr>
          <tr id="LC438" class="js-file-line">
            <td id="L438" class="blob-num js-line-number" data-line-number="438"></td>
              <td>Pitt_0050044</td>
              <td>17.13</td>
              <td>1</td>
              <td>110</td>
              <td>-1</td>
              <td>2.57622</td>
              <td>2.61934</td>
              <td>274538.3147</td>
              <td>279970.7607</td>
              <td>262883.8063</td>
              <td>264022.0635</td>
              <td>762068.0754</td>
          </tr>
          <tr id="LC439" class="js-file-line">
            <td id="L439" class="blob-num js-line-number" data-line-number="439"></td>
              <td>Pitt_0050045</td>
              <td>15.7</td>
              <td>1</td>
              <td>114</td>
              <td>-1</td>
              <td>2.52955</td>
              <td>2.52386</td>
              <td>301603.4589</td>
              <td>301970.4771</td>
              <td>297407.9992</td>
              <td>297518.8814</td>
              <td>829489.936</td>
          </tr>
          <tr id="LC440" class="js-file-line">
            <td id="L440" class="blob-num js-line-number" data-line-number="440"></td>
              <td>Pitt_0050046</td>
              <td>20.65</td>
              <td>1</td>
              <td>100</td>
              <td>-1</td>
              <td>2.51482</td>
              <td>2.53085</td>
              <td>229454.9206</td>
              <td>231584.5624</td>
              <td>202462.4572</td>
              <td>202149.2857</td>
              <td>648873.483</td>
          </tr>
          <tr id="LC441" class="js-file-line">
            <td id="L441" class="blob-num js-line-number" data-line-number="441"></td>
              <td>Pitt_0050047</td>
              <td>15.35</td>
              <td>1</td>
              <td>103</td>
              <td>-1</td>
              <td>2.78094</td>
              <td>2.76447</td>
              <td>295773.1186</td>
              <td>298648.4372</td>
              <td>269013.0944</td>
              <td>268640.0902</td>
              <td>806593.5558</td>
          </tr>
          <tr id="LC442" class="js-file-line">
            <td id="L442" class="blob-num js-line-number" data-line-number="442"></td>
              <td>Pitt_0050048</td>
              <td>11.81</td>
              <td>1</td>
              <td>107</td>
              <td>-1</td>
              <td>2.70257</td>
              <td>2.7579</td>
              <td>257321.1375</td>
              <td>266078.2117</td>
              <td>211453.545</td>
              <td>213403.496</td>
              <td>719282.3492</td>
          </tr>
          <tr id="LC443" class="js-file-line">
            <td id="L443" class="blob-num js-line-number" data-line-number="443"></td>
              <td>Pitt_0050050</td>
              <td>14.37</td>
              <td>1</td>
              <td>113</td>
              <td>-1</td>
              <td>2.63508</td>
              <td>2.59333</td>
              <td>324118.6304</td>
              <td>321300.2472</td>
              <td>280555.5148</td>
              <td>278546.3284</td>
              <td>863555.8776</td>
          </tr>
          <tr id="LC444" class="js-file-line">
            <td id="L444" class="blob-num js-line-number" data-line-number="444"></td>
              <td>Pitt_0050051</td>
              <td>12.83</td>
              <td>1</td>
              <td>107</td>
              <td>-1</td>
              <td>2.73629</td>
              <td>2.71973</td>
              <td>312035.1224</td>
              <td>312637.6602</td>
              <td>266969.084</td>
              <td>265219.5435</td>
              <td>830910.7826</td>
          </tr>
          <tr id="LC445" class="js-file-line">
            <td id="L445" class="blob-num js-line-number" data-line-number="445"></td>
              <td>Pitt_0050052</td>
              <td>33.24</td>
              <td>1</td>
              <td>122</td>
              <td>-1</td>
              <td>2.46023</td>
              <td>2.47195</td>
              <td>242522.0431</td>
              <td>247988.4614</td>
              <td>249585.2931</td>
              <td>250907.8176</td>
              <td>616112.5045</td>
          </tr>
          <tr id="LC446" class="js-file-line">
            <td id="L446" class="blob-num js-line-number" data-line-number="446"></td>
              <td>Pitt_0050053</td>
              <td>12.03</td>
              <td>1</td>
              <td>122</td>
              <td>1</td>
              <td>2.56372</td>
              <td>2.58363</td>
              <td>248613.6879</td>
              <td>247955.1579</td>
              <td>205076.8996</td>
              <td>203998.5867</td>
              <td>682005.8458</td>
          </tr>
          <tr id="LC447" class="js-file-line">
            <td id="L447" class="blob-num js-line-number" data-line-number="447"></td>
              <td>Pitt_0050055</td>
              <td>16.99</td>
              <td>1</td>
              <td>111</td>
              <td>1</td>
              <td>2.71373</td>
              <td>2.73423</td>
              <td>260773.8177</td>
              <td>267625.9518</td>
              <td>202575.3391</td>
              <td>204183.2436</td>
              <td>700767.7695</td>
          </tr>
          <tr id="LC448" class="js-file-line">
            <td id="L448" class="blob-num js-line-number" data-line-number="448"></td>
              <td>Pitt_0050056</td>
              <td>13.59</td>
              <td>1</td>
              <td>113</td>
              <td>1</td>
              <td>2.73049</td>
              <td>2.67549</td>
              <td>269905.3373</td>
              <td>269732.8483</td>
              <td>186500.6709</td>
              <td>188115.8692</td>
              <td>701970.1856</td>
          </tr>
          <tr id="LC449" class="js-file-line">
            <td id="L449" class="blob-num js-line-number" data-line-number="449"></td>
              <td>Pitt_0050058</td>
              <td>23.1</td>
              <td>1</td>
              <td>127</td>
              <td>-1</td>
              <td>2.55179</td>
              <td>2.50632</td>
              <td>270709.1915</td>
              <td>269211.4828</td>
              <td>254635.4309</td>
              <td>254750.8493</td>
              <td>733412.6744</td>
          </tr>
          <tr id="LC450" class="js-file-line">
            <td id="L450" class="blob-num js-line-number" data-line-number="450"></td>
              <td>Pitt_0050060</td>
              <td>20.34</td>
              <td>1</td>
              <td>126</td>
              <td>-1</td>
              <td>2.53121</td>
              <td>2.55669</td>
              <td>298511.9775</td>
              <td>297666.9948</td>
              <td>292114.3647</td>
              <td>288303.832</td>
              <td>809641.9723</td>
          </tr>
          <tr id="LC451" class="js-file-line">
            <td id="L451" class="blob-num js-line-number" data-line-number="451"></td>
              <td>SBL_0051556</td>
              <td>20</td>
              <td>1</td>
              <td>-9999</td>
              <td>-1</td>
              <td>2.30433</td>
              <td>2.32719</td>
              <td>283879.0208</td>
              <td>288333.5741</td>
              <td>270959.1895</td>
              <td>269550.0301</td>
              <td>748110.5949</td>
          </tr>
          <tr id="LC452" class="js-file-line">
            <td id="L452" class="blob-num js-line-number" data-line-number="452"></td>
              <td>SBL_0051557</td>
              <td>26</td>
              <td>1</td>
              <td>-9999</td>
              <td>-1</td>
              <td>2.35902</td>
              <td>2.41588</td>
              <td>275403.3927</td>
              <td>279297.9099</td>
              <td>256471.9979</td>
              <td>251484.4746</td>
              <td>738416.3026</td>
          </tr>
          <tr id="LC453" class="js-file-line">
            <td id="L453" class="blob-num js-line-number" data-line-number="453"></td>
              <td>SBL_0051558</td>
              <td>27</td>
              <td>1</td>
              <td>-9999</td>
              <td>-1</td>
              <td>2.25563</td>
              <td>2.27757</td>
              <td>265717.5814</td>
              <td>267232.5857</td>
              <td>264572.4541</td>
              <td>266358.2917</td>
              <td>702742.1672</td>
          </tr>
          <tr id="LC454" class="js-file-line">
            <td id="L454" class="blob-num js-line-number" data-line-number="454"></td>
              <td>SBL_0051559</td>
              <td>27</td>
              <td>1</td>
              <td>-9999</td>
              <td>-1</td>
              <td>2.21797</td>
              <td>2.23681</td>
              <td>253971.9499</td>
              <td>260377.8806</td>
              <td>300040.3608</td>
              <td>297936.5852</td>
              <td>707635.8305</td>
          </tr>
          <tr id="LC455" class="js-file-line">
            <td id="L455" class="blob-num js-line-number" data-line-number="455"></td>
              <td>SBL_0051560</td>
              <td>27</td>
              <td>1</td>
              <td>-9999</td>
              <td>-1</td>
              <td>2.40922</td>
              <td>2.4615</td>
              <td>271243.1939</td>
              <td>277032.3607</td>
              <td>273312.5823</td>
              <td>267563.6727</td>
              <td>724276.5545</td>
          </tr>
          <tr id="LC456" class="js-file-line">
            <td id="L456" class="blob-num js-line-number" data-line-number="456"></td>
              <td>SBL_0051561</td>
              <td>36</td>
              <td>1</td>
              <td>-9999</td>
              <td>-1</td>
              <td>2.25862</td>
              <td>2.318</td>
              <td>273891.8481</td>
              <td>281408.0675</td>
              <td>285177.8152</td>
              <td>279194.8213</td>
              <td>771487.9156</td>
          </tr>
          <tr id="LC457" class="js-file-line">
            <td id="L457" class="blob-num js-line-number" data-line-number="457"></td>
              <td>SBL_0051562</td>
              <td>37</td>
              <td>1</td>
              <td>-9999</td>
              <td>-1</td>
              <td>2.32804</td>
              <td>2.32085</td>
              <td>242598.9161</td>
              <td>240468.6517</td>
              <td>247238.708</td>
              <td>240176.1833</td>
              <td>660738.5679</td>
          </tr>
          <tr id="LC458" class="js-file-line">
            <td id="L458" class="blob-num js-line-number" data-line-number="458"></td>
              <td>SBL_0051563</td>
              <td>38</td>
              <td>1</td>
              <td>-9999</td>
              <td>-1</td>
              <td>2.1641</td>
              <td>2.20536</td>
              <td>254600.3031</td>
              <td>258247.4641</td>
              <td>294906.3424</td>
              <td>285134.6512</td>
              <td>706961.7672</td>
          </tr>
          <tr id="LC459" class="js-file-line">
            <td id="L459" class="blob-num js-line-number" data-line-number="459"></td>
              <td>SBL_0051564</td>
              <td>39</td>
              <td>1</td>
              <td>-9999</td>
              <td>-1</td>
              <td>2.19382</td>
              <td>2.25845</td>
              <td>253541.8679</td>
              <td>259334.0104</td>
              <td>267698.0749</td>
              <td>264446.0242</td>
              <td>697795.8783</td>
          </tr>
          <tr id="LC460" class="js-file-line">
            <td id="L460" class="blob-num js-line-number" data-line-number="460"></td>
              <td>SBL_0051565</td>
              <td>39</td>
              <td>1</td>
              <td>-9999</td>
              <td>-1</td>
              <td>2.3216</td>
              <td>2.3461</td>
              <td>242993.7259</td>
              <td>247324.9165</td>
              <td>259907.3963</td>
              <td>259692.3597</td>
              <td>652870.6424</td>
          </tr>
          <tr id="LC461" class="js-file-line">
            <td id="L461" class="blob-num js-line-number" data-line-number="461"></td>
              <td>SBL_0051566</td>
              <td>41</td>
              <td>1</td>
              <td>-9999</td>
              <td>-1</td>
              <td>2.19349</td>
              <td>2.25464</td>
              <td>266100.4086</td>
              <td>272691.3809</td>
              <td>284788.6237</td>
              <td>280251.7213</td>
              <td>723648.7895</td>
          </tr>
          <tr id="LC462" class="js-file-line">
            <td id="L462" class="blob-num js-line-number" data-line-number="462"></td>
              <td>SBL_0051567</td>
              <td>34</td>
              <td>1</td>
              <td>-9999</td>
              <td>-1</td>
              <td>2.36645</td>
              <td>2.37844</td>
              <td>253196.4737</td>
              <td>256754.0485</td>
              <td>268066.385</td>
              <td>265644.8947</td>
              <td>703182.5222</td>
          </tr>
          <tr id="LC463" class="js-file-line">
            <td id="L463" class="blob-num js-line-number" data-line-number="463"></td>
              <td>SBL_0051568</td>
              <td>37</td>
              <td>1</td>
              <td>-9999</td>
              <td>-1</td>
              <td>2.23485</td>
              <td>2.23873</td>
              <td>238082.6195</td>
              <td>243034.1176</td>
              <td>277545.8848</td>
              <td>270937.3517</td>
              <td>648724.7371</td>
          </tr>
          <tr id="LC464" class="js-file-line">
            <td id="L464" class="blob-num js-line-number" data-line-number="464"></td>
              <td>SBL_0051569</td>
              <td>36</td>
              <td>1</td>
              <td>-9999</td>
              <td>-1</td>
              <td>2.14447</td>
              <td>2.17923</td>
              <td>243396.3035</td>
              <td>252857.1413</td>
              <td>294978.5543</td>
              <td>295088.7672</td>
              <td>677856.4448</td>
          </tr>
          <tr id="LC465" class="js-file-line">
            <td id="L465" class="blob-num js-line-number" data-line-number="465"></td>
              <td>SBL_0051570</td>
              <td>42</td>
              <td>1</td>
              <td>-9999</td>
              <td>-1</td>
              <td>2.1684</td>
              <td>2.1822</td>
              <td>239401.8717</td>
              <td>242945.2935</td>
              <td>262964.8515</td>
              <td>257564.1935</td>
              <td>679234.1652</td>
          </tr>
          <tr id="LC466" class="js-file-line">
            <td id="L466" class="blob-num js-line-number" data-line-number="466"></td>
              <td>SBL_0051571</td>
              <td>22</td>
              <td>1</td>
              <td>-9999</td>
              <td>1</td>
              <td>2.35976</td>
              <td>2.39685</td>
              <td>291734.2222</td>
              <td>293205.5588</td>
              <td>276760.2069</td>
              <td>272254.611</td>
              <td>779252.781</td>
          </tr>
          <tr id="LC467" class="js-file-line">
            <td id="L467" class="blob-num js-line-number" data-line-number="467"></td>
              <td>SBL_0051572</td>
              <td>28</td>
              <td>1</td>
              <td>-9999</td>
              <td>1</td>
              <td>2.3565</td>
              <td>2.32442</td>
              <td>265343.1413</td>
              <td>264407.7108</td>
              <td>257480.8739</td>
              <td>256235.4444</td>
              <td>706018.8521</td>
          </tr>
          <tr id="LC468" class="js-file-line">
            <td id="L468" class="blob-num js-line-number" data-line-number="468"></td>
              <td>SBL_0051573</td>
              <td>30</td>
              <td>1</td>
              <td>-9999</td>
              <td>1</td>
              <td>2.17752</td>
              <td>2.20568</td>
              <td>239773.2449</td>
              <td>242183.3739</td>
              <td>269803.2841</td>
              <td>268058.6888</td>
              <td>666115.6188</td>
          </tr>
          <tr id="LC469" class="js-file-line">
            <td id="L469" class="blob-num js-line-number" data-line-number="469"></td>
              <td>SBL_0051574</td>
              <td>30</td>
              <td>1</td>
              <td>-9999</td>
              <td>1</td>
              <td>2.32829</td>
              <td>2.30499</td>
              <td>242446.7319</td>
              <td>244572.5733</td>
              <td>247963.631</td>
              <td>247235.505</td>
              <td>648454.3051</td>
          </tr>
          <tr id="LC470" class="js-file-line">
            <td id="L470" class="blob-num js-line-number" data-line-number="470"></td>
              <td>SBL_0051575</td>
              <td>31</td>
              <td>1</td>
              <td>-9999</td>
              <td>1</td>
              <td>2.41574</td>
              <td>2.43714</td>
              <td>307294.6965</td>
              <td>299803.0888</td>
              <td>299503.8683</td>
              <td>285213.0478</td>
              <td>809818.7853</td>
          </tr>
          <tr id="LC471" class="js-file-line">
            <td id="L471" class="blob-num js-line-number" data-line-number="471"></td>
              <td>SBL_0051576</td>
              <td>31</td>
              <td>1</td>
              <td>-9999</td>
              <td>1</td>
              <td>2.38605</td>
              <td>2.45272</td>
              <td>267005.4867</td>
              <td>271519.6867</td>
              <td>273323.569</td>
              <td>273579.5824</td>
              <td>728163.1734</td>
          </tr>
          <tr id="LC472" class="js-file-line">
            <td id="L472" class="blob-num js-line-number" data-line-number="472"></td>
              <td>SBL_0051577</td>
              <td>31</td>
              <td>1</td>
              <td>-9999</td>
              <td>1</td>
              <td>2.4385</td>
              <td>2.41371</td>
              <td>290638.8844</td>
              <td>289691.4482</td>
              <td>274388.0271</td>
              <td>272759.9537</td>
              <td>762910.3326</td>
          </tr>
          <tr id="LC473" class="js-file-line">
            <td id="L473" class="blob-num js-line-number" data-line-number="473"></td>
              <td>SBL_0051578</td>
              <td>33</td>
              <td>1</td>
              <td>125</td>
              <td>1</td>
              <td>2.35684</td>
              <td>2.31458</td>
              <td>287744.3389</td>
              <td>286784.1835</td>
              <td>277108.8874</td>
              <td>277170.7299</td>
              <td>775329.5224</td>
          </tr>
          <tr id="LC474" class="js-file-line">
            <td id="L474" class="blob-num js-line-number" data-line-number="474"></td>
              <td>SBL_0051579</td>
              <td>41</td>
              <td>1</td>
              <td>110</td>
              <td>1</td>
              <td>2.34062</td>
              <td>2.3248</td>
              <td>258142.0305</td>
              <td>259079.0917</td>
              <td>266015.4164</td>
              <td>262731.1107</td>
              <td>695816.1222</td>
          </tr>
          <tr id="LC475" class="js-file-line">
            <td id="L475" class="blob-num js-line-number" data-line-number="475"></td>
              <td>SBL_0051580</td>
              <td>42</td>
              <td>1</td>
              <td>-9999</td>
              <td>1</td>
              <td>2.19922</td>
              <td>2.22974</td>
              <td>244377.7524</td>
              <td>248778.0142</td>
              <td>304001.3418</td>
              <td>299183.9399</td>
              <td>690487.7665</td>
          </tr>
          <tr id="LC476" class="js-file-line">
            <td id="L476" class="blob-num js-line-number" data-line-number="476"></td>
              <td>SBL_0051581</td>
              <td>64</td>
              <td>1</td>
              <td>120</td>
              <td>1</td>
              <td>2.17034</td>
              <td>2.19124</td>
              <td>215674.136</td>
              <td>215639.6067</td>
              <td>205571.7207</td>
              <td>194905.9064</td>
              <td>592569.7427</td>
          </tr>
          <tr id="LC477" class="js-file-line">
            <td id="L477" class="blob-num js-line-number" data-line-number="477"></td>
              <td>SBL_0051582</td>
              <td>31</td>
              <td>1</td>
              <td>-9999</td>
              <td>1</td>
              <td>2.23098</td>
              <td>2.26346</td>
              <td>237328.1615</td>
              <td>245916.4368</td>
              <td>292921.5555</td>
              <td>290334.5427</td>
              <td>675016.5983</td>
          </tr>
          <tr id="LC478" class="js-file-line">
            <td id="L478" class="blob-num js-line-number" data-line-number="478"></td>
              <td>SBL_0051583</td>
              <td>35</td>
              <td>1</td>
              <td>95</td>
              <td>1</td>
              <td>2.38797</td>
              <td>2.47102</td>
              <td>289528.1646</td>
              <td>296307.4358</td>
              <td>278132.2978</td>
              <td>273869.8292</td>
              <td>778244.6003</td>
          </tr>
          <tr id="LC479" class="js-file-line">
            <td id="L479" class="blob-num js-line-number" data-line-number="479"></td>
              <td>SBL_0051584</td>
              <td>49</td>
              <td>1</td>
              <td>-9999</td>
              <td>1</td>
              <td>2.21907</td>
              <td>2.18814</td>
              <td>255013.6474</td>
              <td>254871.2087</td>
              <td>293763.2349</td>
              <td>290854.9567</td>
              <td>680646.8561</td>
          </tr>
          <tr id="LC480" class="js-file-line">
            <td id="L480" class="blob-num js-line-number" data-line-number="480"></td>
              <td>SBL_0051585</td>
              <td>27</td>
              <td>1</td>
              <td>96</td>
              <td>1</td>
              <td>2.31874</td>
              <td>2.37656</td>
              <td>262538.4378</td>
              <td>265541.1064</td>
              <td>247353.9489</td>
              <td>238139.2063</td>
              <td>705010.5443</td>
          </tr>
          <tr id="LC481" class="js-file-line">
            <td id="L481" class="blob-num js-line-number" data-line-number="481"></td>
              <td>SDSU_0050182</td>
              <td>16.61</td>
              <td>1</td>
              <td>115</td>
              <td>1</td>
              <td>2.57289</td>
              <td>2.50901</td>
              <td>285946.3056</td>
              <td>291345.184</td>
              <td>214216.4654</td>
              <td>221675.1315</td>
              <td>770051.4896</td>
          </tr>
          <tr id="LC482" class="js-file-line">
            <td id="L482" class="blob-num js-line-number" data-line-number="482"></td>
              <td>SDSU_0050183</td>
              <td>14.14</td>
              <td>1</td>
              <td>139</td>
              <td>1</td>
              <td>2.651</td>
              <td>2.65876</td>
              <td>272921.2831</td>
              <td>272550.156</td>
              <td>215620.5452</td>
              <td>215309.2287</td>
              <td>733357.4392</td>
          </tr>
          <tr id="LC483" class="js-file-line">
            <td id="L483" class="blob-num js-line-number" data-line-number="483"></td>
              <td>SDSU_0050184</td>
              <td>17.15</td>
              <td>1</td>
              <td>141</td>
              <td>1</td>
              <td>2.6704</td>
              <td>2.58728</td>
              <td>355588.0472</td>
              <td>338548.4718</td>
              <td>258448.2521</td>
              <td>247188.3761</td>
              <td>896051.519</td>
          </tr>
          <tr id="LC484" class="js-file-line">
            <td id="L484" class="blob-num js-line-number" data-line-number="484"></td>
              <td>SDSU_0050186</td>
              <td>12.13</td>
              <td>1</td>
              <td>112</td>
              <td>1</td>
              <td>2.69374</td>
              <td>2.66316</td>
              <td>295836.8511</td>
              <td>301257.9809</td>
              <td>199644.2609</td>
              <td>203531.2089</td>
              <td>794222.832</td>
          </tr>
          <tr id="LC485" class="js-file-line">
            <td id="L485" class="blob-num js-line-number" data-line-number="485"></td>
              <td>SDSU_0050187</td>
              <td>16.48</td>
              <td>1</td>
              <td>113</td>
              <td>1</td>
              <td>2.55287</td>
              <td>2.57204</td>
              <td>287065.5586</td>
              <td>267244.6256</td>
              <td>242767.0753</td>
              <td>236462.4032</td>
              <td>752928.1842</td>
          </tr>
          <tr id="LC486" class="js-file-line">
            <td id="L486" class="blob-num js-line-number" data-line-number="486"></td>
              <td>SDSU_0050188</td>
              <td>15.4</td>
              <td>1</td>
              <td>126</td>
              <td>1</td>
              <td>2.53458</td>
              <td>2.56096</td>
              <td>309897.2805</td>
              <td>317190.1559</td>
              <td>255971.8678</td>
              <td>259058.1324</td>
              <td>810721.4364</td>
          </tr>
          <tr id="LC487" class="js-file-line">
            <td id="L487" class="blob-num js-line-number" data-line-number="487"></td>
              <td>SDSU_0050189</td>
              <td>16.64</td>
              <td>1</td>
              <td>115</td>
              <td>1</td>
              <td>2.71076</td>
              <td>2.6541</td>
              <td>289475.1089</td>
              <td>282433.6597</td>
              <td>235614.0641</td>
              <td>233018.8188</td>
              <td>761199.7687</td>
          </tr>
          <tr id="LC488" class="js-file-line">
            <td id="L488" class="blob-num js-line-number" data-line-number="488"></td>
              <td>SDSU_0050190</td>
              <td>13.99</td>
              <td>1</td>
              <td>124</td>
              <td>1</td>
              <td>2.6817</td>
              <td>2.65622</td>
              <td>275334.7575</td>
              <td>272856.8468</td>
              <td>194745.1274</td>
              <td>199153.1289</td>
              <td>738436.6043</td>
          </tr>
          <tr id="LC489" class="js-file-line">
            <td id="L489" class="blob-num js-line-number" data-line-number="489"></td>
              <td>SDSU_0050191</td>
              <td>12.63</td>
              <td>1</td>
              <td>114</td>
              <td>1</td>
              <td>2.80533</td>
              <td>2.77228</td>
              <td>300830.5825</td>
              <td>298731.3743</td>
              <td>186194.2114</td>
              <td>184901.9013</td>
              <td>786882.9568</td>
          </tr>
          <tr id="LC490" class="js-file-line">
            <td id="L490" class="blob-num js-line-number" data-line-number="490"></td>
              <td>SDSU_0050192</td>
              <td>12.99</td>
              <td>1</td>
              <td>85</td>
              <td>1</td>
              <td>2.53887</td>
              <td>2.47245</td>
              <td>187693.8383</td>
              <td>225186.2539</td>
              <td>141603.6641</td>
              <td>164333.0382</td>
              <td>586363.0922</td>
          </tr>
          <tr id="LC491" class="js-file-line">
            <td id="L491" class="blob-num js-line-number" data-line-number="491"></td>
              <td>SDSU_0050193</td>
              <td>14.75</td>
              <td>1</td>
              <td>112</td>
              <td>-1</td>
              <td>2.73139</td>
              <td>2.69703</td>
              <td>291330.4721</td>
              <td>291522.6063</td>
              <td>212870.3452</td>
              <td>213309.7405</td>
              <td>766530.0784</td>
          </tr>
          <tr id="LC492" class="js-file-line">
            <td id="L492" class="blob-num js-line-number" data-line-number="492"></td>
              <td>SDSU_0050194</td>
              <td>13.35</td>
              <td>1</td>
              <td>110</td>
              <td>-1</td>
              <td>2.76093</td>
              <td>2.68879</td>
              <td>279935.8344</td>
              <td>272680.835</td>
              <td>192931.1101</td>
              <td>190548.4033</td>
              <td>725871.6694</td>
          </tr>
          <tr id="LC493" class="js-file-line">
            <td id="L493" class="blob-num js-line-number" data-line-number="493"></td>
              <td>SDSU_0050195</td>
              <td>12.58</td>
              <td>1</td>
              <td>123</td>
              <td>-1</td>
              <td>2.61113</td>
              <td>2.63002</td>
              <td>277734.19</td>
              <td>278073.0596</td>
              <td>199295.2943</td>
              <td>195940.1703</td>
              <td>720069.2496</td>
          </tr>
          <tr id="LC494" class="js-file-line">
            <td id="L494" class="blob-num js-line-number" data-line-number="494"></td>
              <td>SDSU_0050196</td>
              <td>12.91</td>
              <td>1</td>
              <td>110</td>
              <td>-1</td>
              <td>2.72724</td>
              <td>2.73526</td>
              <td>299288.0682</td>
              <td>290620.9021</td>
              <td>196643.3762</td>
              <td>192876.6418</td>
              <td>773613.9702</td>
          </tr>
          <tr id="LC495" class="js-file-line">
            <td id="L495" class="blob-num js-line-number" data-line-number="495"></td>
              <td>SDSU_0050198</td>
              <td>15.28</td>
              <td>1</td>
              <td>121</td>
              <td>-1</td>
              <td>2.5505</td>
              <td>2.5026</td>
              <td>281448.8774</td>
              <td>275970.2268</td>
              <td>236097.9884</td>
              <td>234695.9767</td>
              <td>750577.1042</td>
          </tr>
          <tr id="LC496" class="js-file-line">
            <td id="L496" class="blob-num js-line-number" data-line-number="496"></td>
              <td>SDSU_0050199</td>
              <td>15.53</td>
              <td>1</td>
              <td>100</td>
              <td>-1</td>
              <td>2.76882</td>
              <td>2.74893</td>
              <td>276797.4075</td>
              <td>277402.1056</td>
              <td>192661.6148</td>
              <td>195474.0609</td>
              <td>737183.5131</td>
          </tr>
          <tr id="LC497" class="js-file-line">
            <td id="L497" class="blob-num js-line-number" data-line-number="497"></td>
              <td>SDSU_0050200</td>
              <td>13.88</td>
              <td>1</td>
              <td>108</td>
              <td>-1</td>
              <td>2.66738</td>
              <td>2.70528</td>
              <td>298524.7439</td>
              <td>296045.2808</td>
              <td>206606.4208</td>
              <td>205201.1279</td>
              <td>776941.0247</td>
          </tr>
          <tr id="LC498" class="js-file-line">
            <td id="L498" class="blob-num js-line-number" data-line-number="498"></td>
              <td>SDSU_0050202</td>
              <td>12.08</td>
              <td>1</td>
              <td>100</td>
              <td>-1</td>
              <td>2.84285</td>
              <td>2.81263</td>
              <td>274695.4675</td>
              <td>276278.798</td>
              <td>205247.9252</td>
              <td>206639.663</td>
              <td>745420.2655</td>
          </tr>
          <tr id="LC499" class="js-file-line">
            <td id="L499" class="blob-num js-line-number" data-line-number="499"></td>
              <td>SDSU_0050203</td>
              <td>16.05</td>
              <td>1</td>
              <td>117</td>
              <td>-1</td>
              <td>2.64502</td>
              <td>2.68932</td>
              <td>305318.5395</td>
              <td>304857.0519</td>
              <td>237618.1895</td>
              <td>237684.8609</td>
              <td>792187.5915</td>
          </tr>
          <tr id="LC500" class="js-file-line">
            <td id="L500" class="blob-num js-line-number" data-line-number="500"></td>
              <td>SDSU_0050204</td>
              <td>14.86</td>
              <td>1</td>
              <td>100</td>
              <td>-1</td>
              <td>2.6655</td>
              <td>2.67529</td>
              <td>264155.145</td>
              <td>264018.1256</td>
              <td>179512.7253</td>
              <td>180253.3889</td>
              <td>710323.2706</td>
          </tr>
          <tr id="LC501" class="js-file-line">
            <td id="L501" class="blob-num js-line-number" data-line-number="501"></td>
              <td>SDSU_0050207</td>
              <td>16.06</td>
              <td>1</td>
              <td>81</td>
              <td>1</td>
              <td>2.7005</td>
              <td>2.76208</td>
              <td>314431.9975</td>
              <td>319891.5327</td>
              <td>222510.133</td>
              <td>221942.1905</td>
              <td>827010.5302</td>
          </tr>
          <tr id="LC502" class="js-file-line">
            <td id="L502" class="blob-num js-line-number" data-line-number="502"></td>
              <td>SDSU_0050209</td>
              <td>16.57</td>
              <td>1</td>
              <td>126</td>
              <td>-1</td>
              <td>2.69354</td>
              <td>2.70299</td>
              <td>314126.9076</td>
              <td>309431.5414</td>
              <td>251267.7393</td>
              <td>247870.5794</td>
              <td>808537.449</td>
          </tr>
          <tr id="LC503" class="js-file-line">
            <td id="L503" class="blob-num js-line-number" data-line-number="503"></td>
              <td>SDSU_0050210</td>
              <td>16.6</td>
              <td>1</td>
              <td>123</td>
              <td>-1</td>
              <td>2.70555</td>
              <td>2.6654</td>
              <td>283322.6933</td>
              <td>268276.7699</td>
              <td>220161.8198</td>
              <td>219154.4346</td>
              <td>729414.4632</td>
          </tr>
          <tr id="LC504" class="js-file-line">
            <td id="L504" class="blob-num js-line-number" data-line-number="504"></td>
              <td>SDSU_0050211</td>
              <td>16.13</td>
              <td>1</td>
              <td>105</td>
              <td>-1</td>
              <td>2.52259</td>
              <td>2.55727</td>
              <td>279904.6365</td>
              <td>274437.9762</td>
              <td>238690.788</td>
              <td>229904.9373</td>
              <td>749309.6128</td>
          </tr>
          <tr id="LC505" class="js-file-line">
            <td id="L505" class="blob-num js-line-number" data-line-number="505"></td>
              <td>SDSU_0050212</td>
              <td>13.81</td>
              <td>1</td>
              <td>100</td>
              <td>1</td>
              <td>2.57289</td>
              <td>2.45802</td>
              <td>270359.8996</td>
              <td>261365.6263</td>
              <td>210277.1259</td>
              <td>208527.4664</td>
              <td>713288.5259</td>
          </tr>
          <tr id="LC506" class="js-file-line">
            <td id="L506" class="blob-num js-line-number" data-line-number="506"></td>
              <td>SDSU_0050214</td>
              <td>14.76</td>
              <td>1</td>
              <td>93</td>
              <td>-1</td>
              <td>2.77664</td>
              <td>2.76327</td>
              <td>303067.4333</td>
              <td>298000.496</td>
              <td>216697.6094</td>
              <td>214519.1071</td>
              <td>783970.9294</td>
          </tr>
          <tr id="LC507" class="js-file-line">
            <td id="L507" class="blob-num js-line-number" data-line-number="507"></td>
              <td>SDSU_0050216</td>
              <td>15.6</td>
              <td>1</td>
              <td>100</td>
              <td>1</td>
              <td>2.59142</td>
              <td>2.60433</td>
              <td>257824.4687</td>
              <td>261923.6633</td>
              <td>204906.3839</td>
              <td>211142.0502</td>
              <td>697823.132</td>
          </tr>
          <tr id="LC508" class="js-file-line">
            <td id="L508" class="blob-num js-line-number" data-line-number="508"></td>
              <td>SDSU_0050217</td>
              <td>12.9</td>
              <td>1</td>
              <td>104</td>
              <td>-1</td>
              <td>2.78756</td>
              <td>2.72515</td>
              <td>291179.5502</td>
              <td>282879.1218</td>
              <td>194864.3965</td>
              <td>193163.6372</td>
              <td>749619.6721</td>
          </tr>
          <tr id="LC509" class="js-file-line">
            <td id="L509" class="blob-num js-line-number" data-line-number="509"></td>
              <td>Stanford_0051161</td>
              <td>9.0301</td>
              <td>1</td>
              <td>94</td>
              <td>1</td>
              <td>2.62575</td>
              <td>2.55919</td>
              <td>278521.0728</td>
              <td>269093.0482</td>
              <td>230725.5912</td>
              <td>228638.6714</td>
              <td>735861.1211</td>
          </tr>
          <tr id="LC510" class="js-file-line">
            <td id="L510" class="blob-num js-line-number" data-line-number="510"></td>
              <td>Stanford_0051163</td>
              <td>9.0821</td>
              <td>1</td>
              <td>137</td>
              <td>1</td>
              <td>2.76796</td>
              <td>2.60275</td>
              <td>326557.7649</td>
              <td>306281.8304</td>
              <td>246762.4024</td>
              <td>240843.2711</td>
              <td>841837.5953</td>
          </tr>
          <tr id="LC511" class="js-file-line">
            <td id="L511" class="blob-num js-line-number" data-line-number="511"></td>
              <td>Stanford_0051165</td>
              <td>11.8433</td>
              <td>1</td>
              <td>78</td>
              <td>1</td>
              <td>2.717</td>
              <td>2.5953</td>
              <td>265498.7633</td>
              <td>243951.2321</td>
              <td>190888.5497</td>
              <td>182023.3679</td>
              <td>687091.9954</td>
          </tr>
          <tr id="LC512" class="js-file-line">
            <td id="L512" class="blob-num js-line-number" data-line-number="512"></td>
              <td>Stanford_0051166</td>
              <td>8.3833</td>
              <td>1</td>
              <td>100</td>
              <td>1</td>
              <td>2.51624</td>
              <td>2.48107</td>
              <td>220871.3552</td>
              <td>232909.4141</td>
              <td>186784.7023</td>
              <td>197175.6302</td>
              <td>623679.7693</td>
          </tr>
          <tr id="LC513" class="js-file-line">
            <td id="L513" class="blob-num js-line-number" data-line-number="513"></td>
              <td>Stanford_0051168</td>
              <td>11.2628</td>
              <td>1</td>
              <td>112</td>
              <td>1</td>
              <td>2.61491</td>
              <td>2.52771</td>
              <td>283551.0784</td>
              <td>273756.264</td>
              <td>247458.8715</td>
              <td>243635.0058</td>
              <td>746513.3424</td>
          </tr>
          <tr id="LC514" class="js-file-line">
            <td id="L514" class="blob-num js-line-number" data-line-number="514"></td>
              <td>Stanford_0051169</td>
              <td>9.7775</td>
              <td>1</td>
              <td>127</td>
              <td>1</td>
              <td>2.4818</td>
              <td>2.41385</td>
              <td>242596.2749</td>
              <td>234909.6265</td>
              <td>201928.3912</td>
              <td>199912.0276</td>
              <td>635415.9015</td>
          </tr>
          <tr id="LC515" class="js-file-line">
            <td id="L515" class="blob-num js-line-number" data-line-number="515"></td>
              <td>Stanford_0051171</td>
              <td>12.9363</td>
              <td>1</td>
              <td>141</td>
              <td>1</td>
              <td>2.66701</td>
              <td>2.78516</td>
              <td>278635.3901</td>
              <td>290890.231</td>
              <td>201621.3143</td>
              <td>203874.4847</td>
              <td>763442.6211</td>
          </tr>
          <tr id="LC516" class="js-file-line">
            <td id="L516" class="blob-num js-line-number" data-line-number="516"></td>
              <td>Stanford_0051172</td>
              <td>8.7912</td>
              <td>1</td>
              <td>127</td>
              <td>1</td>
              <td>2.53576</td>
              <td>2.50333</td>
              <td>262216.8313</td>
              <td>260715.5837</td>
              <td>217941.0438</td>
              <td>218204.3229</td>
              <td>730234.415</td>
          </tr>
          <tr id="LC517" class="js-file-line">
            <td id="L517" class="blob-num js-line-number" data-line-number="517"></td>
              <td>Stanford_0051173</td>
              <td>7.5284</td>
              <td>1</td>
              <td>124</td>
              <td>1</td>
              <td>2.54054</td>
              <td>2.4639</td>
              <td>229213.9189</td>
              <td>216348.701</td>
              <td>175091.019</td>
              <td>172445.0722</td>
              <td>621832.6199</td>
          </tr>
          <tr id="LC518" class="js-file-line">
            <td id="L518" class="blob-num js-line-number" data-line-number="518"></td>
              <td>Stanford_0051174</td>
              <td>9.9473</td>
              <td>1</td>
              <td>114</td>
              <td>1</td>
              <td>2.49927</td>
              <td>2.41591</td>
              <td>174488.9813</td>
              <td>158661.6849</td>
              <td>158551.8063</td>
              <td>151047.7991</td>
              <td>501181.6662</td>
          </tr>
          <tr id="LC519" class="js-file-line">
            <td id="L519" class="blob-num js-line-number" data-line-number="519"></td>
              <td>Stanford_0051175</td>
              <td>8.5804</td>
              <td>1</td>
              <td>107</td>
              <td>1</td>
              <td>2.40742</td>
              <td>2.39951</td>
              <td>203698.2371</td>
              <td>206405.9835</td>
              <td>196694.2359</td>
              <td>190868.4719</td>
              <td>562445.2206</td>
          </tr>
          <tr id="LC520" class="js-file-line">
            <td id="L520" class="blob-num js-line-number" data-line-number="520"></td>
              <td>Stanford_0051176</td>
              <td>9.271</td>
              <td>1</td>
              <td>148</td>
              <td>1</td>
              <td>2.80554</td>
              <td>2.67273</td>
              <td>199308.4167</td>
              <td>156080.1882</td>
              <td>151317.7624</td>
              <td>113867.4181</td>
              <td>524527.6048</td>
          </tr>
          <tr id="LC521" class="js-file-line">
            <td id="L521" class="blob-num js-line-number" data-line-number="521"></td>
              <td>Stanford_0051177</td>
              <td>11.6982</td>
              <td>1</td>
              <td>113</td>
              <td>1</td>
              <td>2.59768</td>
              <td>2.60895</td>
              <td>282706.1586</td>
              <td>287242.5319</td>
              <td>212913.0908</td>
              <td>215807.728</td>
              <td>760728.6905</td>
          </tr>
          <tr id="LC522" class="js-file-line">
            <td id="L522" class="blob-num js-line-number" data-line-number="522"></td>
              <td>Stanford_0051178</td>
              <td>11.4326</td>
              <td>1</td>
              <td>123</td>
              <td>1</td>
              <td>2.56019</td>
              <td>2.54448</td>
              <td>252789.3698</td>
              <td>254442.9762</td>
              <td>211879.8083</td>
              <td>215229.3724</td>
              <td>684564.346</td>
          </tr>
          <tr id="LC523" class="js-file-line">
            <td id="L523" class="blob-num js-line-number" data-line-number="523"></td>
              <td>Stanford_0051179</td>
              <td>11.6543</td>
              <td>1</td>
              <td>97</td>
              <td>1</td>
              <td>2.46463</td>
              <td>2.50495</td>
              <td>236852.1783</td>
              <td>246874.2722</td>
              <td>191153.0741</td>
              <td>196453.3055</td>
              <td>641072.4505</td>
          </tr>
          <tr id="LC524" class="js-file-line">
            <td id="L524" class="blob-num js-line-number" data-line-number="524"></td>
              <td>Stanford_0051181</td>
              <td>9.3149</td>
              <td>1</td>
              <td>121</td>
              <td>-1</td>
              <td>2.70907</td>
              <td>2.65032</td>
              <td>295300.2616</td>
              <td>289171.1426</td>
              <td>206419.4352</td>
              <td>202622.3031</td>
              <td>767183.4042</td>
          </tr>
          <tr id="LC525" class="js-file-line">
            <td id="L525" class="blob-num js-line-number" data-line-number="525"></td>
              <td>Stanford_0051182</td>
              <td>10.6927</td>
              <td>1</td>
              <td>93</td>
              <td>-1</td>
              <td>2.59668</td>
              <td>2.64556</td>
              <td>235154.5382</td>
              <td>235756.602</td>
              <td>188621.7217</td>
              <td>184224.0146</td>
              <td>610140.1401</td>
          </tr>
          <tr id="LC526" class="js-file-line">
            <td id="L526" class="blob-num js-line-number" data-line-number="526"></td>
              <td>Stanford_0051183</td>
              <td>8.2656</td>
              <td>1</td>
              <td>98</td>
              <td>-1</td>
              <td>2.66021</td>
              <td>2.68484</td>
              <td>248021.6565</td>
              <td>252637.0249</td>
              <td>187097.7689</td>
              <td>187833.6039</td>
              <td>675595.6813</td>
          </tr>
          <tr id="LC527" class="js-file-line">
            <td id="L527" class="blob-num js-line-number" data-line-number="527"></td>
              <td>Stanford_0051185</td>
              <td>8.2464</td>
              <td>1</td>
              <td>119</td>
              <td>-1</td>
              <td>2.82373</td>
              <td>2.72112</td>
              <td>273741.7284</td>
              <td>255705.87</td>
              <td>200198.8933</td>
              <td>197704.1099</td>
              <td>702430.5985</td>
          </tr>
          <tr id="LC528" class="js-file-line">
            <td id="L528" class="blob-num js-line-number" data-line-number="528"></td>
              <td>Stanford_0051186</td>
              <td>8.3203</td>
              <td>1</td>
              <td>98</td>
              <td>-1</td>
              <td>2.74481</td>
              <td>2.65885</td>
              <td>249064.5979</td>
              <td>221453.7163</td>
              <td>190531.2075</td>
              <td>172892.3809</td>
              <td>601652.3142</td>
          </tr>
          <tr id="LC529" class="js-file-line">
            <td id="L529" class="blob-num js-line-number" data-line-number="529"></td>
              <td>Stanford_0051187</td>
              <td>8.3313</td>
              <td>1</td>
              <td>105</td>
              <td>-1</td>
              <td>2.67916</td>
              <td>2.59377</td>
              <td>256987.3274</td>
              <td>234885.5953</td>
              <td>192747.0909</td>
              <td>184040.5093</td>
              <td>653701.9227</td>
          </tr>
          <tr id="LC530" class="js-file-line">
            <td id="L530" class="blob-num js-line-number" data-line-number="530"></td>
              <td>Stanford_0051189</td>
              <td>9.2081</td>
              <td>1</td>
              <td>123</td>
              <td>-1</td>
              <td>2.60606</td>
              <td>2.46628</td>
              <td>254605.8124</td>
              <td>243742.5622</td>
              <td>211297.381</td>
              <td>207072.4194</td>
              <td>679657.3746</td>
          </tr>
          <tr id="LC531" class="js-file-line">
            <td id="L531" class="blob-num js-line-number" data-line-number="531"></td>
              <td>Stanford_0051190</td>
              <td>8.9363</td>
              <td>1</td>
              <td>123</td>
              <td>-1</td>
              <td>2.72135</td>
              <td>2.87332</td>
              <td>230619.3815</td>
              <td>210689.6513</td>
              <td>170132.0181</td>
              <td>150819.5466</td>
              <td>629199.0328</td>
          </tr>
          <tr id="LC532" class="js-file-line">
            <td id="L532" class="blob-num js-line-number" data-line-number="532"></td>
              <td>Stanford_0051193</td>
              <td>9.5202</td>
              <td>1</td>
              <td>122</td>
              <td>-1</td>
              <td>2.52381</td>
              <td>2.49538</td>
              <td>242504.6961</td>
              <td>246282.8864</td>
              <td>190984.4161</td>
              <td>194342.1708</td>
              <td>669750.5825</td>
          </tr>
          <tr id="LC533" class="js-file-line">
            <td id="L533" class="blob-num js-line-number" data-line-number="533"></td>
              <td>Stanford_0051194</td>
              <td>12.3477</td>
              <td>1</td>
              <td>118</td>
              <td>-1</td>
              <td>2.51721</td>
              <td>2.57288</td>
              <td>277467.6915</td>
              <td>286321.7184</td>
              <td>227504.9131</td>
              <td>236873.073</td>
              <td>757909.4099</td>
          </tr>
          <tr id="LC534" class="js-file-line">
            <td id="L534" class="blob-num js-line-number" data-line-number="534"></td>
              <td>Stanford_0051195</td>
              <td>11.178</td>
              <td>1</td>
              <td>110</td>
              <td>-1</td>
              <td>2.44935</td>
              <td>2.42373</td>
              <td>199652.3505</td>
              <td>192268.969</td>
              <td>185546.557</td>
              <td>178815.0037</td>
              <td>560968.3194</td>
          </tr>
          <tr id="LC535" class="js-file-line">
            <td id="L535" class="blob-num js-line-number" data-line-number="535"></td>
              <td>Stanford_0051196</td>
              <td>11.8816</td>
              <td>1</td>
              <td>117</td>
              <td>-1</td>
              <td>2.52832</td>
              <td>2.56226</td>
              <td>237062.9734</td>
              <td>237355.4508</td>
              <td>198392.261</td>
              <td>192152.2541</td>
              <td>649456.4242</td>
          </tr>
          <tr id="LC536" class="js-file-line">
            <td id="L536" class="blob-num js-line-number" data-line-number="536"></td>
              <td>Stanford_0051197</td>
              <td>12.4298</td>
              <td>1</td>
              <td>113</td>
              <td>-1</td>
              <td>2.51784</td>
              <td>2.45189</td>
              <td>232778.2901</td>
              <td>219457.2935</td>
              <td>182025.6691</td>
              <td>177541.8561</td>
              <td>619033.5835</td>
          </tr>
          <tr id="LC537" class="js-file-line">
            <td id="L537" class="blob-num js-line-number" data-line-number="537"></td>
              <td>Stanford_0051198</td>
              <td>12.2546</td>
              <td>1</td>
              <td>114</td>
              <td>-1</td>
              <td>2.62927</td>
              <td>2.63808</td>
              <td>252567.2433</td>
              <td>259348.2309</td>
              <td>189513.682</td>
              <td>191944.8318</td>
              <td>698247.4743</td>
          </tr>
          <tr id="LC538" class="js-file-line">
            <td id="L538" class="blob-num js-line-number" data-line-number="538"></td>
              <td>Stanford_0051199</td>
              <td>12.3833</td>
              <td>1</td>
              <td>125</td>
              <td>-1</td>
              <td>2.56885</td>
              <td>2.49018</td>
              <td>185434.2572</td>
              <td>187366.2479</td>
              <td>153018.8091</td>
              <td>159041.5279</td>
              <td>562545.5051</td>
          </tr>
          <tr id="LC539" class="js-file-line">
            <td id="L539" class="blob-num js-line-number" data-line-number="539"></td>
              <td>Trinity_0050232</td>
              <td>23.08</td>
              <td>1</td>
              <td>115</td>
              <td>1</td>
              <td>2.55832</td>
              <td>2.59532</td>
              <td>290407.9128</td>
              <td>294145.94</td>
              <td>272391.0276</td>
              <td>266759.6103</td>
              <td>802509.8528</td>
          </tr>
          <tr id="LC540" class="js-file-line">
            <td id="L540" class="blob-num js-line-number" data-line-number="540"></td>
              <td>Trinity_0050233</td>
              <td>20.75</td>
              <td>1</td>
              <td>135</td>
              <td>1</td>
              <td>2.59755</td>
              <td>2.60436</td>
              <td>321958.4137</td>
              <td>322271.0058</td>
              <td>285209.7649</td>
              <td>281994.0902</td>
              <td>855280.4195</td>
          </tr>
          <tr id="LC541" class="js-file-line">
            <td id="L541" class="blob-num js-line-number" data-line-number="541"></td>
              <td>Trinity_0050234</td>
              <td>15.66</td>
              <td>1</td>
              <td>111</td>
              <td>1</td>
              <td>2.57775</td>
              <td>2.58517</td>
              <td>323152.1478</td>
              <td>326326.8204</td>
              <td>291871.3954</td>
              <td>293942.7953</td>
              <td>852919.9682</td>
          </tr>
          <tr id="LC542" class="js-file-line">
            <td id="L542" class="blob-num js-line-number" data-line-number="542"></td>
              <td>Trinity_0050235</td>
              <td>15.33</td>
              <td>1</td>
              <td>119</td>
              <td>1</td>
              <td>2.68167</td>
              <td>2.68483</td>
              <td>265148.2822</td>
              <td>264534.625</td>
              <td>250632.2068</td>
              <td>249777.1647</td>
              <td>734128.9072</td>
          </tr>
          <tr id="LC543" class="js-file-line">
            <td id="L543" class="blob-num js-line-number" data-line-number="543"></td>
              <td>Trinity_0050236</td>
              <td>19.16</td>
              <td>1</td>
              <td>118</td>
              <td>1</td>
              <td>2.57558</td>
              <td>2.57016</td>
              <td>257508.9347</td>
              <td>257488.289</td>
              <td>234397.9074</td>
              <td>230756.1476</td>
              <td>688450.2237</td>
          </tr>
          <tr id="LC544" class="js-file-line">
            <td id="L544" class="blob-num js-line-number" data-line-number="544"></td>
              <td>Trinity_0050237</td>
              <td>21.42</td>
              <td>1</td>
              <td>118</td>
              <td>1</td>
              <td>2.50959</td>
              <td>2.53243</td>
              <td>286355.5407</td>
              <td>287328.5247</td>
              <td>295915.9089</td>
              <td>296390.8587</td>
              <td>751638.0653</td>
          </tr>
          <tr id="LC545" class="js-file-line">
            <td id="L545" class="blob-num js-line-number" data-line-number="545"></td>
              <td>Trinity_0050238</td>
              <td>18.92</td>
              <td>1</td>
              <td>120</td>
              <td>1</td>
              <td>2.68128</td>
              <td>2.71252</td>
              <td>282437.9451</td>
              <td>290733.3437</td>
              <td>230904.9137</td>
              <td>235163.4731</td>
              <td>757096.2888</td>
          </tr>
          <tr id="LC546" class="js-file-line">
            <td id="L546" class="blob-num js-line-number" data-line-number="546"></td>
              <td>Trinity_0050239</td>
              <td>17.03</td>
              <td>1</td>
              <td>97</td>
              <td>1</td>
              <td>2.55989</td>
              <td>2.60452</td>
              <td>309539.2922</td>
              <td>314302.8921</td>
              <td>303583.5822</td>
              <td>301979.1335</td>
              <td>833709.1842</td>
          </tr>
          <tr id="LC547" class="js-file-line">
            <td id="L547" class="blob-num js-line-number" data-line-number="547"></td>
              <td>Trinity_0050240</td>
              <td>15.05</td>
              <td>1</td>
              <td>132</td>
              <td>1</td>
              <td>2.71775</td>
              <td>2.69006</td>
              <td>282323.0495</td>
              <td>283648.5934</td>
              <td>232212.1314</td>
              <td>232204.867</td>
              <td>755407.6428</td>
          </tr>
          <tr id="LC548" class="js-file-line">
            <td id="L548" class="blob-num js-line-number" data-line-number="548"></td>
              <td>Trinity_0050241</td>
              <td>17.17</td>
              <td>1</td>
              <td>89</td>
              <td>1</td>
              <td>2.54311</td>
              <td>2.58935</td>
              <td>272885.4015</td>
              <td>277100.3702</td>
              <td>288120.0816</td>
              <td>287137.9783</td>
              <td>726959.7718</td>
          </tr>
          <tr id="LC549" class="js-file-line">
            <td id="L549" class="blob-num js-line-number" data-line-number="549"></td>
              <td>Trinity_0050242</td>
              <td>12.75</td>
              <td>1</td>
              <td>117</td>
              <td>1</td>
              <td>2.54089</td>
              <td>2.56682</td>
              <td>282808.7166</td>
              <td>284522.239</td>
              <td>248203.0637</td>
              <td>240765.5734</td>
              <td>764514.9556</td>
          </tr>
          <tr id="LC550" class="js-file-line">
            <td id="L550" class="blob-num js-line-number" data-line-number="550"></td>
              <td>Trinity_0050243</td>
              <td>13.75</td>
              <td>1</td>
              <td>90</td>
              <td>1</td>
              <td>2.6707</td>
              <td>2.64827</td>
              <td>309834.6033</td>
              <td>308119.7438</td>
              <td>263573.8837</td>
              <td>261965.5905</td>
              <td>821729.3471</td>
          </tr>
          <tr id="LC551" class="js-file-line">
            <td id="L551" class="blob-num js-line-number" data-line-number="551"></td>
              <td>Trinity_0050244</td>
              <td>25.91</td>
              <td>1</td>
              <td>106</td>
              <td>1</td>
              <td>2.76633</td>
              <td>2.75684</td>
              <td>355711.5834</td>
              <td>348054.4142</td>
              <td>318935.1554</td>
              <td>310500.3081</td>
              <td>934054.9976</td>
          </tr>
          <tr id="LC552" class="js-file-line">
            <td id="L552" class="blob-num js-line-number" data-line-number="552"></td>
              <td>Trinity_0050245</td>
              <td>21.58</td>
              <td>1</td>
              <td>72</td>
              <td>1</td>
              <td>2.64452</td>
              <td>2.65015</td>
              <td>259505.4587</td>
              <td>259523.1777</td>
              <td>207247.282</td>
              <td>207164.6922</td>
              <td>700067.6364</td>
          </tr>
          <tr id="LC553" class="js-file-line">
            <td id="L553" class="blob-num js-line-number" data-line-number="553"></td>
              <td>Trinity_0050246</td>
              <td>19.5</td>
              <td>1</td>
              <td>105</td>
              <td>1</td>
              <td>2.63876</td>
              <td>2.61774</td>
              <td>322189.7889</td>
              <td>324759.2613</td>
              <td>301041.1951</td>
              <td>302054.1247</td>
              <td>858840.0501</td>
          </tr>
          <tr id="LC554" class="js-file-line">
            <td id="L554" class="blob-num js-line-number" data-line-number="554"></td>
              <td>Trinity_0050247</td>
              <td>12</td>
              <td>1</td>
              <td>103</td>
              <td>1</td>
              <td>2.7175</td>
              <td>2.74269</td>
              <td>306327.0349</td>
              <td>308178.1913</td>
              <td>222261.8946</td>
              <td>222215.0416</td>
              <td>783915.2261</td>
          </tr>
          <tr id="LC555" class="js-file-line">
            <td id="L555" class="blob-num js-line-number" data-line-number="555"></td>
              <td>Trinity_0050248</td>
              <td>13.58</td>
              <td>1</td>
              <td>117</td>
              <td>1</td>
              <td>2.86106</td>
              <td>2.86374</td>
              <td>296505.0916</td>
              <td>296447.0316</td>
              <td>213869.6504</td>
              <td>214222.0506</td>
              <td>800478.1233</td>
          </tr>
          <tr id="LC556" class="js-file-line">
            <td id="L556" class="blob-num js-line-number" data-line-number="556"></td>
              <td>Trinity_0050249</td>
              <td>13.83</td>
              <td>1</td>
              <td>98</td>
              <td>1</td>
              <td>2.66114</td>
              <td>2.62631</td>
              <td>317368.8768</td>
              <td>317763.7476</td>
              <td>255760.7693</td>
              <td>262342.4679</td>
              <td>828050.6244</td>
          </tr>
          <tr id="LC557" class="js-file-line">
            <td id="L557" class="blob-num js-line-number" data-line-number="557"></td>
              <td>Trinity_0050250</td>
              <td>13.91</td>
              <td>1</td>
              <td>99</td>
              <td>1</td>
              <td>2.67546</td>
              <td>2.66253</td>
              <td>275965.4173</td>
              <td>271245.3834</td>
              <td>232932.7397</td>
              <td>229719.9839</td>
              <td>728003.8007</td>
          </tr>
          <tr id="LC558" class="js-file-line">
            <td id="L558" class="blob-num js-line-number" data-line-number="558"></td>
              <td>Trinity_0050251</td>
              <td>17.25</td>
              <td>1</td>
              <td>122</td>
              <td>1</td>
              <td>2.66778</td>
              <td>2.71344</td>
              <td>310686.2443</td>
              <td>313082.1214</td>
              <td>268841.5484</td>
              <td>268434.7795</td>
              <td>825713.3657</td>
          </tr>
          <tr id="LC559" class="js-file-line">
            <td id="L559" class="blob-num js-line-number" data-line-number="559"></td>
              <td>Trinity_0050252</td>
              <td>15.25</td>
              <td>1</td>
              <td>94</td>
              <td>1</td>
              <td>2.70487</td>
              <td>2.72776</td>
              <td>293204.9731</td>
              <td>299070.3554</td>
              <td>262038.494</td>
              <td>264781.0105</td>
              <td>777400.3285</td>
          </tr>
          <tr id="LC560" class="js-file-line">
            <td id="L560" class="blob-num js-line-number" data-line-number="560"></td>
              <td>Trinity_0050253</td>
              <td>18.01</td>
              <td>1</td>
              <td>99</td>
              <td>1</td>
              <td>2.61732</td>
              <td>2.62401</td>
              <td>299386.8417</td>
              <td>303994.0248</td>
              <td>258503.2386</td>
              <td>258949.9248</td>
              <td>785542.8665</td>
          </tr>
          <tr id="LC561" class="js-file-line">
            <td id="L561" class="blob-num js-line-number" data-line-number="561"></td>
              <td>Trinity_0050254</td>
              <td>19.41</td>
              <td>1</td>
              <td>121</td>
              <td>1</td>
              <td>2.63513</td>
              <td>2.63137</td>
              <td>270099.362</td>
              <td>266011.1739</td>
              <td>205619.6267</td>
              <td>206415.9618</td>
              <td>732131.5358</td>
          </tr>
          <tr id="LC562" class="js-file-line">
            <td id="L562" class="blob-num js-line-number" data-line-number="562"></td>
              <td>Trinity_0050255</td>
              <td>14.41</td>
              <td>1</td>
              <td>125</td>
              <td>1</td>
              <td>2.6001</td>
              <td>2.64037</td>
              <td>316863.8005</td>
              <td>320078.1721</td>
              <td>272614.6609</td>
              <td>272663.5989</td>
              <td>830471.9725</td>
          </tr>
          <tr id="LC563" class="js-file-line">
            <td id="L563" class="blob-num js-line-number" data-line-number="563"></td>
              <td>Trinity_0050257</td>
              <td>14.91</td>
              <td>1</td>
              <td>113</td>
              <td>-1</td>
              <td>2.796</td>
              <td>2.77412</td>
              <td>313736.4096</td>
              <td>313352.4449</td>
              <td>234881.5773</td>
              <td>234502.4561</td>
              <td>827785.8546</td>
          </tr>
          <tr id="LC564" class="js-file-line">
            <td id="L564" class="blob-num js-line-number" data-line-number="564"></td>
              <td>Trinity_0050259</td>
              <td>19.83</td>
              <td>1</td>
              <td>114</td>
              <td>-1</td>
              <td>2.64067</td>
              <td>2.6031</td>
              <td>289880.8396</td>
              <td>289651.6348</td>
              <td>260665.5372</td>
              <td>258268.2432</td>
              <td>778797.4745</td>
          </tr>
          <tr id="LC565" class="js-file-line">
            <td id="L565" class="blob-num js-line-number" data-line-number="565"></td>
              <td>Trinity_0050260</td>
              <td>20.33</td>
              <td>1</td>
              <td>116</td>
              <td>-1</td>
              <td>2.49437</td>
              <td>2.4942</td>
              <td>275218.0548</td>
              <td>281499.0511</td>
              <td>254680.7926</td>
              <td>259948.6909</td>
              <td>730977.1059</td>
          </tr>
          <tr id="LC566" class="js-file-line">
            <td id="L566" class="blob-num js-line-number" data-line-number="566"></td>
              <td>Trinity_0050261</td>
              <td>20.08</td>
              <td>1</td>
              <td>116</td>
              <td>-1</td>
              <td>2.66109</td>
              <td>2.68766</td>
              <td>299852.4516</td>
              <td>300863.351</td>
              <td>269013.8805</td>
              <td>267181.1446</td>
              <td>791676.8026</td>
          </tr>
          <tr id="LC567" class="js-file-line">
            <td id="L567" class="blob-num js-line-number" data-line-number="567"></td>
              <td>Trinity_0050262</td>
              <td>21.33</td>
              <td>1</td>
              <td>133</td>
              <td>-1</td>
              <td>2.61791</td>
              <td>2.65383</td>
              <td>278415.3762</td>
              <td>277894.6941</td>
              <td>272567.3392</td>
              <td>270115.5101</td>
              <td>739834.0703</td>
          </tr>
          <tr id="LC568" class="js-file-line">
            <td id="L568" class="blob-num js-line-number" data-line-number="568"></td>
              <td>Trinity_0050263</td>
              <td>19.08</td>
              <td>1</td>
              <td>117</td>
              <td>-1</td>
              <td>2.54837</td>
              <td>2.53359</td>
              <td>321571.2754</td>
              <td>316359.1862</td>
              <td>305054.1336</td>
              <td>301259.7716</td>
              <td>831458.4616</td>
          </tr>
          <tr id="LC569" class="js-file-line">
            <td id="L569" class="blob-num js-line-number" data-line-number="569"></td>
              <td>Trinity_0050264</td>
              <td>25.66</td>
              <td>1</td>
              <td>120</td>
              <td>-1</td>
              <td>2.58222</td>
              <td>2.56285</td>
              <td>286745.1724</td>
              <td>291376.883</td>
              <td>283046.6521</td>
              <td>284746.2944</td>
              <td>775646.0554</td>
          </tr>
          <tr id="LC570" class="js-file-line">
            <td id="L570" class="blob-num js-line-number" data-line-number="570"></td>
              <td>Trinity_0050265</td>
              <td>12.25</td>
              <td>1</td>
              <td>101</td>
              <td>-1</td>
              <td>2.64462</td>
              <td>2.62493</td>
              <td>265550.1295</td>
              <td>268561.9704</td>
              <td>203765.2228</td>
              <td>204399.1257</td>
              <td>722370.0999</td>
          </tr>
          <tr id="LC571" class="js-file-line">
            <td id="L571" class="blob-num js-line-number" data-line-number="571"></td>
              <td>Trinity_0050266</td>
              <td>15.91</td>
              <td>1</td>
              <td>116</td>
              <td>-1</td>
              <td>2.60827</td>
              <td>2.60355</td>
              <td>265125.5268</td>
              <td>265110.8131</td>
              <td>218099.6691</td>
              <td>215828.8118</td>
              <td>715310.3399</td>
          </tr>
          <tr id="LC572" class="js-file-line">
            <td id="L572" class="blob-num js-line-number" data-line-number="572"></td>
              <td>Trinity_0050267</td>
              <td>17.5</td>
              <td>1</td>
              <td>116</td>
              <td>-1</td>
              <td>2.67036</td>
              <td>2.6918</td>
              <td>311228.9278</td>
              <td>311877.3115</td>
              <td>281738.7299</td>
              <td>279045.9863</td>
              <td>826325.2393</td>
          </tr>
          <tr id="LC573" class="js-file-line">
            <td id="L573" class="blob-num js-line-number" data-line-number="573"></td>
              <td>Trinity_0050268</td>
              <td>14.41</td>
              <td>1</td>
              <td>96</td>
              <td>-1</td>
              <td>2.62328</td>
              <td>2.64041</td>
              <td>291246.4867</td>
              <td>289123.737</td>
              <td>257228.895</td>
              <td>253878.0829</td>
              <td>759384.2237</td>
          </tr>
          <tr id="LC574" class="js-file-line">
            <td id="L574" class="blob-num js-line-number" data-line-number="574"></td>
              <td>Trinity_0050269</td>
              <td>14.66</td>
              <td>1</td>
              <td>113</td>
              <td>-1</td>
              <td>2.77357</td>
              <td>2.75058</td>
              <td>281618.6625</td>
              <td>280162.9485</td>
              <td>226802.0202</td>
              <td>226028.6964</td>
              <td>745380.6109</td>
          </tr>
          <tr id="LC575" class="js-file-line">
            <td id="L575" class="blob-num js-line-number" data-line-number="575"></td>
              <td>Trinity_0050270</td>
              <td>19.33</td>
              <td>1</td>
              <td>99</td>
              <td>-1</td>
              <td>2.49162</td>
              <td>2.49434</td>
              <td>277924.4411</td>
              <td>279507.6196</td>
              <td>271163.8674</td>
              <td>270295.2315</td>
              <td>749864.0607</td>
          </tr>
          <tr id="LC576" class="js-file-line">
            <td id="L576" class="blob-num js-line-number" data-line-number="576"></td>
              <td>Trinity_0050271</td>
              <td>19.66</td>
              <td>1</td>
              <td>105</td>
              <td>-1</td>
              <td>2.79132</td>
              <td>2.81857</td>
              <td>284062.1204</td>
              <td>284198.2803</td>
              <td>247869.102</td>
              <td>244544.5842</td>
              <td>765170.4007</td>
          </tr>
          <tr id="LC577" class="js-file-line">
            <td id="L577" class="blob-num js-line-number" data-line-number="577"></td>
              <td>Trinity_0051132</td>
              <td>24.83</td>
              <td>1</td>
              <td>119</td>
              <td>-1</td>
              <td>2.57402</td>
              <td>2.55229</td>
              <td>283731.8064</td>
              <td>280889.9811</td>
              <td>298562.4912</td>
              <td>294320.9324</td>
              <td>776465.7874</td>
          </tr>
          <tr id="LC578" class="js-file-line">
            <td id="L578" class="blob-num js-line-number" data-line-number="578"></td>
              <td>Trinity_0051133</td>
              <td>12.04</td>
              <td>1</td>
              <td>91</td>
              <td>-1</td>
              <td>2.90055</td>
              <td>2.93148</td>
              <td>373607.5661</td>
              <td>382128.1833</td>
              <td>300153.4191</td>
              <td>304060.1259</td>
              <td>968555.7494</td>
          </tr>
          <tr id="LC579" class="js-file-line">
            <td id="L579" class="blob-num js-line-number" data-line-number="579"></td>
              <td>Trinity_0051134</td>
              <td>16.83</td>
              <td>1</td>
              <td>89</td>
              <td>-1</td>
              <td>2.63882</td>
              <td>2.63735</td>
              <td>250364.1497</td>
              <td>251700.3855</td>
              <td>230215.3881</td>
              <td>230656.1283</td>
              <td>679815.5352</td>
          </tr>
          <tr id="LC580" class="js-file-line">
            <td id="L580" class="blob-num js-line-number" data-line-number="580"></td>
              <td>Trinity_0051135</td>
              <td>13.75</td>
              <td>1</td>
              <td>101</td>
              <td>-1</td>
              <td>2.61122</td>
              <td>2.64515</td>
              <td>293717.7366</td>
              <td>296179.795</td>
              <td>254730.4353</td>
              <td>253018.4621</td>
              <td>777482.5315</td>
          </tr>
          <tr id="LC581" class="js-file-line">
            <td id="L581" class="blob-num js-line-number" data-line-number="581"></td>
              <td>Trinity_0051136</td>
              <td>12.66</td>
              <td>1</td>
              <td>126</td>
              <td>-1</td>
              <td>2.69739</td>
              <td>2.72348</td>
              <td>317869.013</td>
              <td>322206.792</td>
              <td>246446.2725</td>
              <td>249000.2097</td>
              <td>834876.805</td>
          </tr>
          <tr id="LC582" class="js-file-line">
            <td id="L582" class="blob-num js-line-number" data-line-number="582"></td>
              <td>Trinity_0051137</td>
              <td>13.25</td>
              <td>1</td>
              <td>131</td>
              <td>-1</td>
              <td>2.64068</td>
              <td>2.68836</td>
              <td>317356.0749</td>
              <td>322807.1086</td>
              <td>283943.4239</td>
              <td>286969.605</td>
              <td>846943.1835</td>
          </tr>
          <tr id="LC583" class="js-file-line">
            <td id="L583" class="blob-num js-line-number" data-line-number="583"></td>
              <td>Trinity_0051138</td>
              <td>12.66</td>
              <td>1</td>
              <td>99</td>
              <td>-1</td>
              <td>2.69235</td>
              <td>2.71041</td>
              <td>288169.2535</td>
              <td>292669.8394</td>
              <td>250927.4083</td>
              <td>248475.7388</td>
              <td>780192.0929</td>
          </tr>
          <tr id="LC584" class="js-file-line">
            <td id="L584" class="blob-num js-line-number" data-line-number="584"></td>
              <td>Trinity_0051139</td>
              <td>19.5</td>
              <td>1</td>
              <td>112</td>
              <td>-1</td>
              <td>2.58962</td>
              <td>2.58028</td>
              <td>265698.6175</td>
              <td>263995.9111</td>
              <td>229287.2321</td>
              <td>226264.9286</td>
              <td>714229.5286</td>
          </tr>
          <tr id="LC585" class="js-file-line">
            <td id="L585" class="blob-num js-line-number" data-line-number="585"></td>
              <td>Trinity_0051140</td>
              <td>15.75</td>
              <td>1</td>
              <td>128</td>
              <td>-1</td>
              <td>2.64871</td>
              <td>2.68246</td>
              <td>292892.999</td>
              <td>295438.2748</td>
              <td>269619.5662</td>
              <td>270823.5811</td>
              <td>810846.2738</td>
          </tr>
          <tr id="LC586" class="js-file-line">
            <td id="L586" class="blob-num js-line-number" data-line-number="586"></td>
              <td>Trinity_0051141</td>
              <td>15.91</td>
              <td>1</td>
              <td>97</td>
              <td>-1</td>
              <td>2.73327</td>
              <td>2.76362</td>
              <td>310057.349</td>
              <td>314114.5954</td>
              <td>266898.0161</td>
              <td>264767.7012</td>
              <td>816221.9443</td>
          </tr>
          <tr id="LC587" class="js-file-line">
            <td id="L587" class="blob-num js-line-number" data-line-number="587"></td>
              <td>Trinity_0051142</td>
              <td>14.91</td>
              <td>1</td>
              <td>104</td>
              <td>-1</td>
              <td>2.62247</td>
              <td>2.61608</td>
              <td>313025.9373</td>
              <td>307694.8842</td>
              <td>267109.1535</td>
              <td>263310.5351</td>
              <td>834135.8214</td>
          </tr>
          <tr id="LC588" class="js-file-line">
            <td id="L588" class="blob-num js-line-number" data-line-number="588"></td>
              <td>UCLA_1_0051201</td>
              <td>13.52</td>
              <td>1</td>
              <td>104</td>
              <td>1</td>
              <td>2.58132</td>
              <td>2.64998</td>
              <td>285952.3025</td>
              <td>295890.033</td>
              <td>222834.7151</td>
              <td>225488.5224</td>
              <td>760849.3356</td>
          </tr>
          <tr id="LC589" class="js-file-line">
            <td id="L589" class="blob-num js-line-number" data-line-number="589"></td>
              <td>UCLA_1_0051202</td>
              <td>11.56</td>
              <td>1</td>
              <td>98</td>
              <td>1</td>
              <td>2.79372</td>
              <td>2.75818</td>
              <td>308605.8536</td>
              <td>307882.375</td>
              <td>230151.2252</td>
              <td>226534.5557</td>
              <td>801402.2285</td>
          </tr>
          <tr id="LC590" class="js-file-line">
            <td id="L590" class="blob-num js-line-number" data-line-number="590"></td>
              <td>UCLA_1_0051203</td>
              <td>13.37</td>
              <td>1</td>
              <td>103</td>
              <td>1</td>
              <td>2.75526</td>
              <td>2.81254</td>
              <td>257174.2222</td>
              <td>263787.129</td>
              <td>191615.8008</td>
              <td>193635.6009</td>
              <td>698458.3512</td>
          </tr>
          <tr id="LC591" class="js-file-line">
            <td id="L591" class="blob-num js-line-number" data-line-number="591"></td>
              <td>UCLA_1_0051204</td>
              <td>14.57</td>
              <td>1</td>
              <td>98</td>
              <td>1</td>
              <td>2.71408</td>
              <td>2.70916</td>
              <td>232112.4746</td>
              <td>236073.6452</td>
              <td>178937.9059</td>
              <td>180793.7222</td>
              <td>627933.1198</td>
          </tr>
          <tr id="LC592" class="js-file-line">
            <td id="L592" class="blob-num js-line-number" data-line-number="592"></td>
              <td>UCLA_1_0051205</td>
              <td>17.94</td>
              <td>1</td>
              <td>102</td>
              <td>1</td>
              <td>2.60479</td>
              <td>2.58812</td>
              <td>272877.0134</td>
              <td>271991.4938</td>
              <td>211912.296</td>
              <td>210728.8112</td>
              <td>736562.5072</td>
          </tr>
          <tr id="LC593" class="js-file-line">
            <td id="L593" class="blob-num js-line-number" data-line-number="593"></td>
              <td>UCLA_1_0051206</td>
              <td>15.78</td>
              <td>1</td>
              <td>102</td>
              <td>1</td>
              <td>2.63884</td>
              <td>2.65204</td>
              <td>320474.4305</td>
              <td>321293.714</td>
              <td>278831.59</td>
              <td>272908.0538</td>
              <td>838893.1445</td>
          </tr>
          <tr id="LC594" class="js-file-line">
            <td id="L594" class="blob-num js-line-number" data-line-number="594"></td>
              <td>UCLA_1_0051208</td>
              <td>16.98</td>
              <td>1</td>
              <td>113</td>
              <td>1</td>
              <td>2.64215</td>
              <td>2.66976</td>
              <td>216564.6274</td>
              <td>216309.8263</td>
              <td>176490.9848</td>
              <td>176472.4344</td>
              <td>595171.4537</td>
          </tr>
          <tr id="LC595" class="js-file-line">
            <td id="L595" class="blob-num js-line-number" data-line-number="595"></td>
              <td>UCLA_1_0051209</td>
              <td>9.99</td>
              <td>1</td>
              <td>128</td>
              <td>1</td>
              <td>2.5857</td>
              <td>2.48728</td>
              <td>260022.962</td>
              <td>253559.6924</td>
              <td>197164.6536</td>
              <td>197530.8291</td>
              <td>692753.6544</td>
          </tr>
          <tr id="LC596" class="js-file-line">
            <td id="L596" class="blob-num js-line-number" data-line-number="596"></td>
              <td>UCLA_1_0051210</td>
              <td>16.56</td>
              <td>1</td>
              <td>92</td>
              <td>1</td>
              <td>2.62613</td>
              <td>2.60108</td>
              <td>276911.2713</td>
              <td>272605.3499</td>
              <td>232852.1724</td>
              <td>227732.6973</td>
              <td>708177.6212</td>
          </tr>
          <tr id="LC597" class="js-file-line">
            <td id="L597" class="blob-num js-line-number" data-line-number="597"></td>
              <td>UCLA_1_0051211</td>
              <td>11.27</td>
              <td>1</td>
              <td>94</td>
              <td>1</td>
              <td>2.71222</td>
              <td>2.62962</td>
              <td>280739.9874</td>
              <td>273837.5036</td>
              <td>199484.3989</td>
              <td>202169.128</td>
              <td>719133.491</td>
          </tr>
          <tr id="LC598" class="js-file-line">
            <td id="L598" class="blob-num js-line-number" data-line-number="598"></td>
              <td>UCLA_1_0051212</td>
              <td>15.66</td>
              <td>1</td>
              <td>100</td>
              <td>1</td>
              <td>2.58074</td>
              <td>2.59312</td>
              <td>272078.9584</td>
              <td>275164.5994</td>
              <td>232803.798</td>
              <td>236964.4365</td>
              <td>744023.5578</td>
          </tr>
          <tr id="LC599" class="js-file-line">
            <td id="L599" class="blob-num js-line-number" data-line-number="599"></td>
              <td>UCLA_1_0051214</td>
              <td>10.41</td>
              <td>1</td>
              <td>109</td>
              <td>1</td>
              <td>2.75646</td>
              <td>2.68163</td>
              <td>298957.5459</td>
              <td>288507.6328</td>
              <td>205091.7364</td>
              <td>200421.9252</td>
              <td>781157.1787</td>
          </tr>
          <tr id="LC600" class="js-file-line">
            <td id="L600" class="blob-num js-line-number" data-line-number="600"></td>
              <td>UCLA_1_0051216</td>
              <td>10.54</td>
              <td>1</td>
              <td>107</td>
              <td>1</td>
              <td>2.75505</td>
              <td>2.64661</td>
              <td>286411.27</td>
              <td>277350.0907</td>
              <td>204996.7485</td>
              <td>202866.7112</td>
              <td>732629.3606</td>
          </tr>
          <tr id="LC601" class="js-file-line">
            <td id="L601" class="blob-num js-line-number" data-line-number="601"></td>
              <td>UCLA_1_0051217</td>
              <td>15.22</td>
              <td>1</td>
              <td>104</td>
              <td>1</td>
              <td>2.76476</td>
              <td>2.73376</td>
              <td>281821.4116</td>
              <td>273512.9864</td>
              <td>196711.0115</td>
              <td>191778.111</td>
              <td>741848.398</td>
          </tr>
          <tr id="LC602" class="js-file-line">
            <td id="L602" class="blob-num js-line-number" data-line-number="602"></td>
              <td>UCLA_1_0051218</td>
              <td>16.87</td>
              <td>1</td>
              <td>111</td>
              <td>1</td>
              <td>2.75195</td>
              <td>2.7327</td>
              <td>252090.9796</td>
              <td>254479.7754</td>
              <td>201965.1331</td>
              <td>203729.4947</td>
              <td>679292.755</td>
          </tr>
          <tr id="LC603" class="js-file-line">
            <td id="L603" class="blob-num js-line-number" data-line-number="603"></td>
              <td>UCLA_1_0051220</td>
              <td>14.74</td>
              <td>1</td>
              <td>99</td>
              <td>1</td>
              <td>2.73712</td>
              <td>2.69987</td>
              <td>260971.7666</td>
              <td>252773.8124</td>
              <td>188696.2292</td>
              <td>186739.6356</td>
              <td>675423.579</td>
          </tr>
          <tr id="LC604" class="js-file-line">
            <td id="L604" class="blob-num js-line-number" data-line-number="604"></td>
              <td>UCLA_1_0051221</td>
              <td>14.58</td>
              <td>1</td>
              <td>75</td>
              <td>1</td>
              <td>2.69928</td>
              <td>2.67065</td>
              <td>303396.4156</td>
              <td>301712.348</td>
              <td>228839.5435</td>
              <td>228435.103</td>
              <td>799768.7636</td>
          </tr>
          <tr id="LC605" class="js-file-line">
            <td id="L605" class="blob-num js-line-number" data-line-number="605"></td>
              <td>UCLA_1_0051222</td>
              <td>11.81</td>
              <td>1</td>
              <td>113</td>
              <td>1</td>
              <td>2.62279</td>
              <td>2.62775</td>
              <td>301740.4109</td>
              <td>301669.7722</td>
              <td>225046.329</td>
              <td>225952.3337</td>
              <td>805477.1831</td>
          </tr>
          <tr id="LC606" class="js-file-line">
            <td id="L606" class="blob-num js-line-number" data-line-number="606"></td>
              <td>UCLA_1_0051223</td>
              <td>13.31</td>
              <td>1</td>
              <td>119</td>
              <td>1</td>
              <td>2.75437</td>
              <td>2.73392</td>
              <td>268221.3004</td>
              <td>272263.2776</td>
              <td>203699.4974</td>
              <td>203638.3065</td>
              <td>715660.578</td>
          </tr>
          <tr id="LC607" class="js-file-line">
            <td id="L607" class="blob-num js-line-number" data-line-number="607"></td>
              <td>UCLA_1_0051224</td>
              <td>12.99</td>
              <td>1</td>
              <td>112</td>
              <td>1</td>
              <td>2.80979</td>
              <td>2.76993</td>
              <td>308690.8728</td>
              <td>307803.6545</td>
              <td>229184.9535</td>
              <td>227243.356</td>
              <td>800523.5273</td>
          </tr>
          <tr id="LC608" class="js-file-line">
            <td id="L608" class="blob-num js-line-number" data-line-number="608"></td>
              <td>UCLA_1_0051225</td>
              <td>12.33</td>
              <td>1</td>
              <td>111</td>
              <td>1</td>
              <td>2.66221</td>
              <td>2.66579</td>
              <td>262244.9833</td>
              <td>263912.0071</td>
              <td>187378.3431</td>
              <td>188770.9165</td>
              <td>693712.9903</td>
          </tr>
          <tr id="LC609" class="js-file-line">
            <td id="L609" class="blob-num js-line-number" data-line-number="609"></td>
              <td>UCLA_1_0051227</td>
              <td>14.53</td>
              <td>1</td>
              <td>95</td>
              <td>1</td>
              <td>2.51013</td>
              <td>2.54225</td>
              <td>280268.8758</td>
              <td>269465.1516</td>
              <td>228557.8244</td>
              <td>220271.665</td>
              <td>749997.0273</td>
          </tr>
          <tr id="LC610" class="js-file-line">
            <td id="L610" class="blob-num js-line-number" data-line-number="610"></td>
              <td>UCLA_1_0051229</td>
              <td>14.59</td>
              <td>1</td>
              <td>95</td>
              <td>1</td>
              <td>2.67607</td>
              <td>2.62139</td>
              <td>294386.4207</td>
              <td>292469.4758</td>
              <td>216674.0732</td>
              <td>216999.5462</td>
              <td>755695.8965</td>
          </tr>
          <tr id="LC611" class="js-file-line">
            <td id="L611" class="blob-num js-line-number" data-line-number="611"></td>
              <td>UCLA_1_0051231</td>
              <td>10.28</td>
              <td>1</td>
              <td>103</td>
              <td>1</td>
              <td>2.78431</td>
              <td>2.78008</td>
              <td>316011.0014</td>
              <td>314221.7845</td>
              <td>214077.905</td>
              <td>213241.7506</td>
              <td>820370.7859</td>
          </tr>
          <tr id="LC612" class="js-file-line">
            <td id="L612" class="blob-num js-line-number" data-line-number="612"></td>
              <td>UCLA_1_0051234</td>
              <td>10.91</td>
              <td>1</td>
              <td>87</td>
              <td>1</td>
              <td>2.81176</td>
              <td>2.7917</td>
              <td>290270.5398</td>
              <td>289009.6837</td>
              <td>191611.0797</td>
              <td>190802.5423</td>
              <td>747606.2235</td>
          </tr>
          <tr id="LC613" class="js-file-line">
            <td id="L613" class="blob-num js-line-number" data-line-number="613"></td>
              <td>UCLA_1_0051235</td>
              <td>10.67</td>
              <td>1</td>
              <td>132</td>
              <td>1</td>
              <td>2.83304</td>
              <td>2.80013</td>
              <td>333595.5995</td>
              <td>332253.7115</td>
              <td>227528.4238</td>
              <td>228793.2634</td>
              <td>856936.311</td>
          </tr>
          <tr id="LC614" class="js-file-line">
            <td id="L614" class="blob-num js-line-number" data-line-number="614"></td>
              <td>UCLA_1_0051236</td>
              <td>12.42</td>
              <td>1</td>
              <td>89</td>
              <td>1</td>
              <td>2.79588</td>
              <td>2.8012</td>
              <td>277897.6939</td>
              <td>276680.8056</td>
              <td>190310.4776</td>
              <td>187545.8135</td>
              <td>721778.4995</td>
          </tr>
          <tr id="LC615" class="js-file-line">
            <td id="L615" class="blob-num js-line-number" data-line-number="615"></td>
              <td>UCLA_1_0051237</td>
              <td>17.4</td>
              <td>1</td>
              <td>100</td>
              <td>1</td>
              <td>2.58358</td>
              <td>2.58888</td>
              <td>276880.431</td>
              <td>277894.494</td>
              <td>222489.5043</td>
              <td>225564.3131</td>
              <td>727837.925</td>
          </tr>
          <tr id="LC616" class="js-file-line">
            <td id="L616" class="blob-num js-line-number" data-line-number="616"></td>
              <td>UCLA_1_0051238</td>
              <td>10.85</td>
              <td>1</td>
              <td>73</td>
              <td>1</td>
              <td>2.65535</td>
              <td>2.69403</td>
              <td>291911.4361</td>
              <td>300271.8235</td>
              <td>215292.9914</td>
              <td>216945.3641</td>
              <td>765090.2597</td>
          </tr>
          <tr id="LC617" class="js-file-line">
            <td id="L617" class="blob-num js-line-number" data-line-number="617"></td>
              <td>UCLA_1_0051239</td>
              <td>13.67</td>
              <td>1</td>
              <td>86</td>
              <td>1</td>
              <td>2.58401</td>
              <td>2.56636</td>
              <td>298773.4466</td>
              <td>299659.8782</td>
              <td>251458.7229</td>
              <td>250024.1019</td>
              <td>774972.3248</td>
          </tr>
          <tr id="LC618" class="js-file-line">
            <td id="L618" class="blob-num js-line-number" data-line-number="618"></td>
              <td>UCLA_1_0051240</td>
              <td>14.96</td>
              <td>1</td>
              <td>121</td>
              <td>1</td>
              <td>2.6964</td>
              <td>2.66228</td>
              <td>288563.5395</td>
              <td>289138.6054</td>
              <td>218290.1351</td>
              <td>217174.625</td>
              <td>758902.1449</td>
          </tr>
          <tr id="LC619" class="js-file-line">
            <td id="L619" class="blob-num js-line-number" data-line-number="619"></td>
              <td>UCLA_1_0051241</td>
              <td>10.9</td>
              <td>1</td>
              <td>95</td>
              <td>1</td>
              <td>2.84248</td>
              <td>2.78875</td>
              <td>276144.9279</td>
              <td>274223.4471</td>
              <td>199857.3704</td>
              <td>199246.363</td>
              <td>715458.3749</td>
          </tr>
          <tr id="LC620" class="js-file-line">
            <td id="L620" class="blob-num js-line-number" data-line-number="620"></td>
              <td>UCLA_1_0051248</td>
              <td>13.5</td>
              <td>1</td>
              <td>110</td>
              <td>1</td>
              <td>2.65094</td>
              <td>2.63754</td>
              <td>282011.4041</td>
              <td>280767.094</td>
              <td>210579.0718</td>
              <td>210528.2823</td>
              <td>741833.498</td>
          </tr>
          <tr id="LC621" class="js-file-line">
            <td id="L621" class="blob-num js-line-number" data-line-number="621"></td>
              <td>UCLA_1_0051249</td>
              <td>8.49</td>
              <td>1</td>
              <td>107</td>
              <td>1</td>
              <td>2.81023</td>
              <td>2.80185</td>
              <td>322879.6581</td>
              <td>319298.6504</td>
              <td>235682.7071</td>
              <td>237466.8455</td>
              <td>837021.3085</td>
          </tr>
          <tr id="LC622" class="js-file-line">
            <td id="L622" class="blob-num js-line-number" data-line-number="622"></td>
              <td>UCLA_1_0051250</td>
              <td>14.88</td>
              <td>1</td>
              <td>110</td>
              <td>-1</td>
              <td>2.57054</td>
              <td>2.55627</td>
              <td>279702.1212</td>
              <td>276952.1283</td>
              <td>230608.5519</td>
              <td>230186.2257</td>
              <td>750594.2495</td>
          </tr>
          <tr id="LC623" class="js-file-line">
            <td id="L623" class="blob-num js-line-number" data-line-number="623"></td>
              <td>UCLA_1_0051251</td>
              <td>12.36</td>
              <td>1</td>
              <td>96</td>
              <td>-1</td>
              <td>2.69788</td>
              <td>2.72826</td>
              <td>237031.1755</td>
              <td>237057.0722</td>
              <td>160448.236</td>
              <td>159528.8614</td>
              <td>617382.2476</td>
          </tr>
          <tr id="LC624" class="js-file-line">
            <td id="L624" class="blob-num js-line-number" data-line-number="624"></td>
              <td>UCLA_1_0051252</td>
              <td>10.99</td>
              <td>1</td>
              <td>116</td>
              <td>-1</td>
              <td>2.76634</td>
              <td>2.79446</td>
              <td>309899.0083</td>
              <td>315928.0853</td>
              <td>228771.6142</td>
              <td>228673.5313</td>
              <td>809130.0936</td>
          </tr>
          <tr id="LC625" class="js-file-line">
            <td id="L625" class="blob-num js-line-number" data-line-number="625"></td>
              <td>UCLA_1_0051253</td>
              <td>11.8</td>
              <td>1</td>
              <td>109</td>
              <td>-1</td>
              <td>2.64879</td>
              <td>2.64084</td>
              <td>295068.0567</td>
              <td>293177.8565</td>
              <td>235329.3419</td>
              <td>234708.1918</td>
              <td>778858.9131</td>
          </tr>
          <tr id="LC626" class="js-file-line">
            <td id="L626" class="blob-num js-line-number" data-line-number="626"></td>
              <td>UCLA_1_0051254</td>
              <td>14.44</td>
              <td>1</td>
              <td>113</td>
              <td>-1</td>
              <td>2.65131</td>
              <td>2.63231</td>
              <td>294206.3729</td>
              <td>293149.1547</td>
              <td>226324.4819</td>
              <td>226063.0923</td>
              <td>776650.5277</td>
          </tr>
          <tr id="LC627" class="js-file-line">
            <td id="L627" class="blob-num js-line-number" data-line-number="627"></td>
              <td>UCLA_1_0051255</td>
              <td>14.8</td>
              <td>1</td>
              <td>88</td>
              <td>-1</td>
              <td>2.62894</td>
              <td>2.65814</td>
              <td>248144.7554</td>
              <td>249810.5541</td>
              <td>213543.3678</td>
              <td>211165.8557</td>
              <td>652005.3094</td>
          </tr>
          <tr id="LC628" class="js-file-line">
            <td id="L628" class="blob-num js-line-number" data-line-number="628"></td>
              <td>UCLA_1_0051256</td>
              <td>15.04</td>
              <td>1</td>
              <td>108</td>
              <td>-1</td>
              <td>2.60987</td>
              <td>2.60477</td>
              <td>276249.9121</td>
              <td>278535.94</td>
              <td>223774.4626</td>
              <td>220291.5253</td>
              <td>753479.8521</td>
          </tr>
          <tr id="LC629" class="js-file-line">
            <td id="L629" class="blob-num js-line-number" data-line-number="629"></td>
              <td>UCLA_1_0051257</td>
              <td>13.38</td>
              <td>1</td>
              <td>106</td>
              <td>-1</td>
              <td>2.68439</td>
              <td>2.66916</td>
              <td>249786.8518</td>
              <td>248252.3952</td>
              <td>175244.825</td>
              <td>175102.9192</td>
              <td>658005.247</td>
          </tr>
          <tr id="LC630" class="js-file-line">
            <td id="L630" class="blob-num js-line-number" data-line-number="630"></td>
              <td>UCLA_1_0051258</td>
              <td>11.55</td>
              <td>1</td>
              <td>90</td>
              <td>-1</td>
              <td>2.60533</td>
              <td>2.57564</td>
              <td>263210.2964</td>
              <td>260553.835</td>
              <td>190188.3284</td>
              <td>185134.1423</td>
              <td>704222.1314</td>
          </tr>
          <tr id="LC631" class="js-file-line">
            <td id="L631" class="blob-num js-line-number" data-line-number="631"></td>
              <td>UCLA_1_0051259</td>
              <td>11.07</td>
              <td>1</td>
              <td>117</td>
              <td>-1</td>
              <td>2.68587</td>
              <td>2.65413</td>
              <td>283171.1092</td>
              <td>278634.7364</td>
              <td>218814.6716</td>
              <td>217933.691</td>
              <td>740016.8457</td>
          </tr>
          <tr id="LC632" class="js-file-line">
            <td id="L632" class="blob-num js-line-number" data-line-number="632"></td>
              <td>UCLA_1_0051260</td>
              <td>13.66</td>
              <td>1</td>
              <td>95</td>
              <td>-1</td>
              <td>2.6198</td>
              <td>2.62298</td>
              <td>271835.8955</td>
              <td>271935.353</td>
              <td>200010.1281</td>
              <td>201183.3299</td>
              <td>711113.2485</td>
          </tr>
          <tr id="LC633" class="js-file-line">
            <td id="L633" class="blob-num js-line-number" data-line-number="633"></td>
              <td>UCLA_1_0051261</td>
              <td>17.79</td>
              <td>1</td>
              <td>95</td>
              <td>-1</td>
              <td>2.5385</td>
              <td>2.55622</td>
              <td>265009.1857</td>
              <td>272562.1259</td>
              <td>216937.8054</td>
              <td>220583.9498</td>
              <td>721629.3115</td>
          </tr>
          <tr id="LC634" class="js-file-line">
            <td id="L634" class="blob-num js-line-number" data-line-number="634"></td>
              <td>UCLA_1_0051262</td>
              <td>11.56</td>
              <td>1</td>
              <td>97</td>
              <td>-1</td>
              <td>2.9276</td>
              <td>2.91642</td>
              <td>299144.8499</td>
              <td>294953.4282</td>
              <td>207690.3111</td>
              <td>206047.1222</td>
              <td>771729.2781</td>
          </tr>
          <tr id="LC635" class="js-file-line">
            <td id="L635" class="blob-num js-line-number" data-line-number="635"></td>
              <td>UCLA_1_0051263</td>
              <td>16.03</td>
              <td>1</td>
              <td>87</td>
              <td>-1</td>
              <td>2.66619</td>
              <td>2.66564</td>
              <td>254750.575</td>
              <td>253918.4957</td>
              <td>217750.6628</td>
              <td>220655.9275</td>
              <td>700795.0707</td>
          </tr>
          <tr id="LC636" class="js-file-line">
            <td id="L636" class="blob-num js-line-number" data-line-number="636"></td>
              <td>UCLA_1_0051265</td>
              <td>15.92</td>
              <td>1</td>
              <td>108</td>
              <td>-1</td>
              <td>2.66353</td>
              <td>2.59946</td>
              <td>296279.2433</td>
              <td>291593.2673</td>
              <td>216887.8357</td>
              <td>214961.6609</td>
              <td>778427.5106</td>
          </tr>
          <tr id="LC637" class="js-file-line">
            <td id="L637" class="blob-num js-line-number" data-line-number="637"></td>
              <td>UCLA_1_0051266</td>
              <td>14.03</td>
              <td>1</td>
              <td>108</td>
              <td>-1</td>
              <td>2.81653</td>
              <td>2.75236</td>
              <td>285237.0724</td>
              <td>275551.7328</td>
              <td>213798.5566</td>
              <td>210312.0624</td>
              <td>737224.8052</td>
          </tr>
          <tr id="LC638" class="js-file-line">
            <td id="L638" class="blob-num js-line-number" data-line-number="638"></td>
              <td>UCLA_1_0051268</td>
              <td>17.78</td>
              <td>1</td>
              <td>105</td>
              <td>-1</td>
              <td>2.51142</td>
              <td>2.50425</td>
              <td>281341.3526</td>
              <td>280818.2899</td>
              <td>228525.3129</td>
              <td>227522.1141</td>
              <td>736661.6425</td>
          </tr>
          <tr id="LC639" class="js-file-line">
            <td id="L639" class="blob-num js-line-number" data-line-number="639"></td>
              <td>UCLA_1_0051269</td>
              <td>14.29</td>
              <td>1</td>
              <td>94</td>
              <td>-1</td>
              <td>2.64627</td>
              <td>2.64279</td>
              <td>307073.9431</td>
              <td>308861.0318</td>
              <td>252061.4404</td>
              <td>253064.3512</td>
              <td>790250.975</td>
          </tr>
          <tr id="LC640" class="js-file-line">
            <td id="L640" class="blob-num js-line-number" data-line-number="640"></td>
              <td>UCLA_1_0051271</td>
              <td>12.09</td>
              <td>1</td>
              <td>113</td>
              <td>-1</td>
              <td>2.83428</td>
              <td>2.86018</td>
              <td>321630.908</td>
              <td>323295.0089</td>
              <td>230865.5449</td>
              <td>231056.098</td>
              <td>845759.9169</td>
          </tr>
          <tr id="LC641" class="js-file-line">
            <td id="L641" class="blob-num js-line-number" data-line-number="641"></td>
              <td>UCLA_1_0051272</td>
              <td>13.41</td>
              <td>1</td>
              <td>84</td>
              <td>-1</td>
              <td>2.61683</td>
              <td>2.59649</td>
              <td>235925.2004</td>
              <td>234565.1114</td>
              <td>182723.4079</td>
              <td>180308.332</td>
              <td>639075.3118</td>
          </tr>
          <tr id="LC642" class="js-file-line">
            <td id="L642" class="blob-num js-line-number" data-line-number="642"></td>
              <td>UCLA_1_0051273</td>
              <td>12.68</td>
              <td>1</td>
              <td>104</td>
              <td>-1</td>
              <td>2.73575</td>
              <td>2.73379</td>
              <td>301597.6121</td>
              <td>301000.0446</td>
              <td>214366.3992</td>
              <td>211576.1846</td>
              <td>793375.6568</td>
          </tr>
          <tr id="LC643" class="js-file-line">
            <td id="L643" class="blob-num js-line-number" data-line-number="643"></td>
              <td>UCLA_1_0051274</td>
              <td>10.96</td>
              <td>1</td>
              <td>125</td>
              <td>-1</td>
              <td>2.63084</td>
              <td>2.66797</td>
              <td>258678.7687</td>
              <td>266007.9607</td>
              <td>204738.9534</td>
              <td>208189.1415</td>
              <td>708743.7294</td>
          </tr>
          <tr id="LC644" class="js-file-line">
            <td id="L644" class="blob-num js-line-number" data-line-number="644"></td>
              <td>UCLA_1_0051275</td>
              <td>15.74</td>
              <td>1</td>
              <td>106</td>
              <td>-1</td>
              <td>2.66307</td>
              <td>2.66791</td>
              <td>253094.198</td>
              <td>258397.5602</td>
              <td>199707.4173</td>
              <td>200139.1696</td>
              <td>657520.7582</td>
          </tr>
          <tr id="LC645" class="js-file-line">
            <td id="L645" class="blob-num js-line-number" data-line-number="645"></td>
              <td>UCLA_1_0051276</td>
              <td>13.85</td>
              <td>1</td>
              <td>105</td>
              <td>-1</td>
              <td>2.77335</td>
              <td>2.76432</td>
              <td>341823.06</td>
              <td>338057.2756</td>
              <td>230649.0247</td>
              <td>227340.3576</td>
              <td>866417.3356</td>
          </tr>
          <tr id="LC646" class="js-file-line">
            <td id="L646" class="blob-num js-line-number" data-line-number="646"></td>
              <td>UCLA_1_0051277</td>
              <td>12.01</td>
              <td>1</td>
              <td>126</td>
              <td>-1</td>
              <td>2.72305</td>
              <td>2.74687</td>
              <td>307633.6122</td>
              <td>312644.8516</td>
              <td>224900.9195</td>
              <td>225538.7078</td>
              <td>806933.4637</td>
          </tr>
          <tr id="LC647" class="js-file-line">
            <td id="L647" class="blob-num js-line-number" data-line-number="647"></td>
              <td>UCLA_1_0051278</td>
              <td>9.21</td>
              <td>1</td>
              <td>109</td>
              <td>-1</td>
              <td>2.88963</td>
              <td>2.93035</td>
              <td>299440.8456</td>
              <td>301012.0416</td>
              <td>203568.6578</td>
              <td>205524.9596</td>
              <td>791071.8871</td>
          </tr>
          <tr id="LC648" class="js-file-line">
            <td id="L648" class="blob-num js-line-number" data-line-number="648"></td>
              <td>UCLA_1_0051280</td>
              <td>9.5</td>
              <td>1</td>
              <td>109</td>
              <td>-1</td>
              <td>2.68083</td>
              <td>2.70655</td>
              <td>296278.054</td>
              <td>303052.5527</td>
              <td>188090.4626</td>
              <td>189971.2911</td>
              <td>767462.6067</td>
          </tr>
          <tr id="LC649" class="js-file-line">
            <td id="L649" class="blob-num js-line-number" data-line-number="649"></td>
              <td>UCLA_1_0051281</td>
              <td>11.83</td>
              <td>1</td>
              <td>108</td>
              <td>-1</td>
              <td>2.81641</td>
              <td>2.7839</td>
              <td>302726.049</td>
              <td>300199.6245</td>
              <td>197568.6352</td>
              <td>195981.9914</td>
              <td>765391.6735</td>
          </tr>
          <tr id="LC650" class="js-file-line">
            <td id="L650" class="blob-num js-line-number" data-line-number="650"></td>
              <td>UCLA_2_0051291</td>
              <td>16.47</td>
              <td>1</td>
              <td>86</td>
              <td>1</td>
              <td>2.71457</td>
              <td>2.67893</td>
              <td>289424.3662</td>
              <td>285520.0915</td>
              <td>253885.1152</td>
              <td>250147.3083</td>
              <td>768288.4577</td>
          </tr>
          <tr id="LC651" class="js-file-line">
            <td id="L651" class="blob-num js-line-number" data-line-number="651"></td>
              <td>UCLA_2_0051292</td>
              <td>12.24</td>
              <td>1</td>
              <td>75</td>
              <td>1</td>
              <td>2.71803</td>
              <td>2.73859</td>
              <td>240170.8078</td>
              <td>244083.3477</td>
              <td>180553.3618</td>
              <td>182671.3844</td>
              <td>669461.1555</td>
          </tr>
          <tr id="LC652" class="js-file-line">
            <td id="L652" class="blob-num js-line-number" data-line-number="652"></td>
              <td>UCLA_2_0051293</td>
              <td>13.08</td>
              <td>1</td>
              <td>92</td>
              <td>1</td>
              <td>2.5666</td>
              <td>2.54474</td>
              <td>265311.5068</td>
              <td>255840.5026</td>
              <td>188762.2012</td>
              <td>185665.7043</td>
              <td>686717.0093</td>
          </tr>
          <tr id="LC653" class="js-file-line">
            <td id="L653" class="blob-num js-line-number" data-line-number="653"></td>
              <td>UCLA_2_0051294</td>
              <td>11.7</td>
              <td>1</td>
              <td>87</td>
              <td>1</td>
              <td>2.68672</td>
              <td>2.6475</td>
              <td>326433.9511</td>
              <td>327512.684</td>
              <td>251095.7897</td>
              <td>251467.6353</td>
              <td>837903.6351</td>
          </tr>
          <tr id="LC654" class="js-file-line">
            <td id="L654" class="blob-num js-line-number" data-line-number="654"></td>
              <td>UCLA_2_0051295</td>
              <td>10.04</td>
              <td>1</td>
              <td>108</td>
              <td>1</td>
              <td>2.82154</td>
              <td>2.8269</td>
              <td>293487.3434</td>
              <td>288793.0024</td>
              <td>211383.7851</td>
              <td>205621.8583</td>
              <td>779680.3458</td>
          </tr>
          <tr id="LC655" class="js-file-line">
            <td id="L655" class="blob-num js-line-number" data-line-number="655"></td>
              <td>UCLA_2_0051297</td>
              <td>14.27</td>
              <td>1</td>
              <td>88</td>
              <td>1</td>
              <td>2.82716</td>
              <td>2.63592</td>
              <td>283073.11</td>
              <td>255541.4137</td>
              <td>191694.1031</td>
              <td>178754.5412</td>
              <td>719889.5237</td>
          </tr>
          <tr id="LC656" class="js-file-line">
            <td id="L656" class="blob-num js-line-number" data-line-number="656"></td>
              <td>UCLA_2_0051298</td>
              <td>10.57</td>
              <td>1</td>
              <td>118</td>
              <td>1</td>
              <td>2.75357</td>
              <td>2.75007</td>
              <td>350919.5401</td>
              <td>350647.0795</td>
              <td>244733.2332</td>
              <td>241641.7474</td>
              <td>899027.6197</td>
          </tr>
          <tr id="LC657" class="js-file-line">
            <td id="L657" class="blob-num js-line-number" data-line-number="657"></td>
              <td>UCLA_2_0051299</td>
              <td>14.77</td>
              <td>1</td>
              <td>104</td>
              <td>1</td>
              <td>2.49789</td>
              <td>2.47617</td>
              <td>285038.4131</td>
              <td>283215.062</td>
              <td>232185.2077</td>
              <td>231454.1474</td>
              <td>736129.4751</td>
          </tr>
          <tr id="LC658" class="js-file-line">
            <td id="L658" class="blob-num js-line-number" data-line-number="658"></td>
              <td>UCLA_2_0051300</td>
              <td>14.08</td>
              <td>1</td>
              <td>92</td>
              <td>1</td>
              <td>2.69143</td>
              <td>2.71487</td>
              <td>290782.6178</td>
              <td>284510.8978</td>
              <td>231438.156</td>
              <td>224892.15</td>
              <td>763905.5157</td>
          </tr>
          <tr id="LC659" class="js-file-line">
            <td id="L659" class="blob-num js-line-number" data-line-number="659"></td>
              <td>UCLA_2_0051301</td>
              <td>13.28</td>
              <td>1</td>
              <td>91</td>
              <td>1</td>
              <td>2.67544</td>
              <td>2.64176</td>
              <td>277897.3098</td>
              <td>271997.4712</td>
              <td>222709.1252</td>
              <td>217195.2254</td>
              <td>732867.781</td>
          </tr>
          <tr id="LC660" class="js-file-line">
            <td id="L660" class="blob-num js-line-number" data-line-number="660"></td>
              <td>UCLA_2_0051302</td>
              <td>10.85</td>
              <td>1</td>
              <td>87</td>
              <td>1</td>
              <td>2.83282</td>
              <td>2.79142</td>
              <td>333008.0433</td>
              <td>330441.5316</td>
              <td>226426.3541</td>
              <td>222709.6269</td>
              <td>846796.5749</td>
          </tr>
          <tr id="LC661" class="js-file-line">
            <td id="L661" class="blob-num js-line-number" data-line-number="661"></td>
              <td>UCLA_2_0051304</td>
              <td>10.53</td>
              <td>1</td>
              <td>120</td>
              <td>-1</td>
              <td>2.88739</td>
              <td>2.82736</td>
              <td>317187.9326</td>
              <td>309198.4052</td>
              <td>246546.7673</td>
              <td>242069.594</td>
              <td>834120.3379</td>
          </tr>
          <tr id="LC662" class="js-file-line">
            <td id="L662" class="blob-num js-line-number" data-line-number="662"></td>
              <td>UCLA_2_0051306</td>
              <td>11.66</td>
              <td>1</td>
              <td>119</td>
              <td>-1</td>
              <td>2.73547</td>
              <td>2.70633</td>
              <td>315126.3727</td>
              <td>320098.6722</td>
              <td>219842.9325</td>
              <td>219860.6732</td>
              <td>815391.0449</td>
          </tr>
          <tr id="LC663" class="js-file-line">
            <td id="L663" class="blob-num js-line-number" data-line-number="663"></td>
              <td>UCLA_2_0051307</td>
              <td>12.15</td>
              <td>1</td>
              <td>128</td>
              <td>-1</td>
              <td>2.7293</td>
              <td>2.77432</td>
              <td>285804.8435</td>
              <td>294147.5351</td>
              <td>199622.065</td>
              <td>199306.5225</td>
              <td>765835.3786</td>
          </tr>
          <tr id="LC664" class="js-file-line">
            <td id="L664" class="blob-num js-line-number" data-line-number="664"></td>
              <td>UCLA_2_0051308</td>
              <td>9.79</td>
              <td>1</td>
              <td>124</td>
              <td>-1</td>
              <td>2.854</td>
              <td>2.77803</td>
              <td>369274.4125</td>
              <td>366278.1256</td>
              <td>262182.3814</td>
              <td>262675.6507</td>
              <td>938256.5381</td>
          </tr>
          <tr id="LC665" class="js-file-line">
            <td id="L665" class="blob-num js-line-number" data-line-number="665"></td>
              <td>UCLA_2_0051309</td>
              <td>11.9</td>
              <td>1</td>
              <td>107</td>
              <td>-1</td>
              <td>2.6045</td>
              <td>2.59502</td>
              <td>260328.5461</td>
              <td>262584.7628</td>
              <td>210668.8311</td>
              <td>210491.3322</td>
              <td>712758.3089</td>
          </tr>
          <tr id="LC666" class="js-file-line">
            <td id="L666" class="blob-num js-line-number" data-line-number="666"></td>
              <td>UCLA_2_0051311</td>
              <td>11.95</td>
              <td>1</td>
              <td>103</td>
              <td>-1</td>
              <td>2.6213</td>
              <td>2.64046</td>
              <td>261476.8916</td>
              <td>262802.5321</td>
              <td>200737.5531</td>
              <td>199171.8671</td>
              <td>694724.4237</td>
          </tr>
          <tr id="LC667" class="js-file-line">
            <td id="L667" class="blob-num js-line-number" data-line-number="667"></td>
              <td>UCLA_2_0051312</td>
              <td>12.9</td>
              <td>1</td>
              <td>123</td>
              <td>-1</td>
              <td>2.59317</td>
              <td>2.70104</td>
              <td>201662.5222</td>
              <td>211496.9763</td>
              <td>159775.6128</td>
              <td>162956.6118</td>
              <td>579065.4985</td>
          </tr>
          <tr id="LC668" class="js-file-line">
            <td id="L668" class="blob-num js-line-number" data-line-number="668"></td>
              <td>UCLA_2_0051313</td>
              <td>13.36</td>
              <td>1</td>
              <td>112</td>
              <td>-1</td>
              <td>2.65607</td>
              <td>2.66017</td>
              <td>296265.0044</td>
              <td>294247.9081</td>
              <td>225718.1183</td>
              <td>222324.5031</td>
              <td>764608.9125</td>
          </tr>
          <tr id="LC669" class="js-file-line">
            <td id="L669" class="blob-num js-line-number" data-line-number="669"></td>
              <td>UCLA_2_0051314</td>
              <td>13.12</td>
              <td>1</td>
              <td>97</td>
              <td>-1</td>
              <td>2.47875</td>
              <td>2.60705</td>
              <td>224964.9267</td>
              <td>236671.317</td>
              <td>187738.1715</td>
              <td>192055.0586</td>
              <td>635011.2437</td>
          </tr>
          <tr id="LC670" class="js-file-line">
            <td id="L670" class="blob-num js-line-number" data-line-number="670"></td>
              <td>UCLA_2_0051315</td>
              <td>13.63</td>
              <td>1</td>
              <td>118</td>
              <td>-1</td>
              <td>2.67123</td>
              <td>2.64737</td>
              <td>293203.8633</td>
              <td>290303.1438</td>
              <td>243365.9584</td>
              <td>242454.4375</td>
              <td>760664.0072</td>
          </tr>
          <tr id="LC671" class="js-file-line">
            <td id="L671" class="blob-num js-line-number" data-line-number="671"></td>
              <td>UCLA_2_0051316</td>
              <td>12.66</td>
              <td>1</td>
              <td>94</td>
              <td>-1</td>
              <td>2.54155</td>
              <td>2.55425</td>
              <td>269301.6418</td>
              <td>251352.9327</td>
              <td>212969.8616</td>
              <td>200354.5593</td>
              <td>716351.5745</td>
          </tr>
          <tr id="LC672" class="js-file-line">
            <td id="L672" class="blob-num js-line-number" data-line-number="672"></td>
              <td>UCLA_2_0051317</td>
              <td>12.82</td>
              <td>1</td>
              <td>102</td>
              <td>1</td>
              <td>2.62459</td>
              <td>2.60458</td>
              <td>294906.9201</td>
              <td>287897.4373</td>
              <td>218781.0546</td>
              <td>216144.017</td>
              <td>776319.3574</td>
          </tr>
          <tr id="LC673" class="js-file-line">
            <td id="L673" class="blob-num js-line-number" data-line-number="673"></td>
              <td>UM_1_0050275</td>
              <td>11.5</td>
              <td>1</td>
              <td>85</td>
              <td>1</td>
              <td>2.72767</td>
              <td>2.7317</td>
              <td>278220.1543</td>
              <td>272808.6744</td>
              <td>202760.3065</td>
              <td>199557.2571</td>
              <td>720689.8287</td>
          </tr>
          <tr id="LC674" class="js-file-line">
            <td id="L674" class="blob-num js-line-number" data-line-number="674"></td>
              <td>UM_1_0050279</td>
              <td>12.2</td>
              <td>1</td>
              <td>87.5</td>
              <td>1</td>
              <td>2.60081</td>
              <td>2.54906</td>
              <td>229827.1867</td>
              <td>223928.2508</td>
              <td>228106.5582</td>
              <td>228475.5044</td>
              <td>605238.4375</td>
          </tr>
          <tr id="LC675" class="js-file-line">
            <td id="L675" class="blob-num js-line-number" data-line-number="675"></td>
              <td>UM_1_0050280</td>
              <td>15.6</td>
              <td>1</td>
              <td>85</td>
              <td>1</td>
              <td>2.59436</td>
              <td>2.54924</td>
              <td>271960.8657</td>
              <td>267659.4622</td>
              <td>233069.0805</td>
              <td>226943.8215</td>
              <td>695309.3279</td>
          </tr>
          <tr id="LC676" class="js-file-line">
            <td id="L676" class="blob-num js-line-number" data-line-number="676"></td>
              <td>UM_1_0050281</td>
              <td>10.7</td>
              <td>1</td>
              <td>132</td>
              <td>1</td>
              <td>2.6153</td>
              <td>2.64882</td>
              <td>270765.1379</td>
              <td>270451.3178</td>
              <td>211264.4934</td>
              <td>211980.5265</td>
              <td>734621.4557</td>
          </tr>
          <tr id="LC677" class="js-file-line">
            <td id="L677" class="blob-num js-line-number" data-line-number="677"></td>
              <td>UM_1_0050282</td>
              <td>15.2</td>
              <td>1</td>
              <td>121</td>
              <td>1</td>
              <td>2.6163</td>
              <td>2.63609</td>
              <td>271552.4386</td>
              <td>274157.691</td>
              <td>240228.7865</td>
              <td>236874.327</td>
              <td>715366.1296</td>
          </tr>
          <tr id="LC678" class="js-file-line">
            <td id="L678" class="blob-num js-line-number" data-line-number="678"></td>
              <td>UM_1_0050286</td>
              <td>11.2</td>
              <td>1</td>
              <td>130.5</td>
              <td>1</td>
              <td>2.60081</td>
              <td>2.54906</td>
              <td>229827.1867</td>
              <td>223928.2508</td>
              <td>228106.5582</td>
              <td>228475.5044</td>
              <td>605238.4375</td>
          </tr>
          <tr id="LC679" class="js-file-line">
            <td id="L679" class="blob-num js-line-number" data-line-number="679"></td>
              <td>UM_1_0050289</td>
              <td>12.9</td>
              <td>1</td>
              <td>105</td>
              <td>1</td>
              <td>2.53872</td>
              <td>2.56446</td>
              <td>251239.4336</td>
              <td>254821.3658</td>
              <td>193496.451</td>
              <td>194977.172</td>
              <td>670356.7994</td>
          </tr>
          <tr id="LC680" class="js-file-line">
            <td id="L680" class="blob-num js-line-number" data-line-number="680"></td>
              <td>UM_1_0050290</td>
              <td>14</td>
              <td>1</td>
              <td>108.5</td>
              <td>1</td>
              <td>2.64848</td>
              <td>2.6475</td>
              <td>301171.8415</td>
              <td>303142.3749</td>
              <td>221666.8339</td>
              <td>220982.112</td>
              <td>778609.2164</td>
          </tr>
          <tr id="LC681" class="js-file-line">
            <td id="L681" class="blob-num js-line-number" data-line-number="681"></td>
              <td>UM_1_0050291</td>
              <td>13.9</td>
              <td>1</td>
              <td>96</td>
              <td>1</td>
              <td>2.57664</td>
              <td>2.57817</td>
              <td>236706.1414</td>
              <td>241453.9865</td>
              <td>200734.4001</td>
              <td>204266.6095</td>
              <td>647768.1279</td>
          </tr>
          <tr id="LC682" class="js-file-line">
            <td id="L682" class="blob-num js-line-number" data-line-number="682"></td>
              <td>UM_1_0050292</td>
              <td>12.6</td>
              <td>1</td>
              <td>89.5</td>
              <td>1</td>
              <td>2.67822</td>
              <td>2.68373</td>
              <td>294547.5567</td>
              <td>289609.0736</td>
              <td>211118.4317</td>
              <td>206590.6135</td>
              <td>740289.6304</td>
          </tr>
          <tr id="LC683" class="js-file-line">
            <td id="L683" class="blob-num js-line-number" data-line-number="683"></td>
              <td>UM_1_0050293</td>
              <td>12.4</td>
              <td>1</td>
              <td>-9999</td>
              <td>1</td>
              <td>2.62163</td>
              <td>2.6744</td>
              <td>315606.8634</td>
              <td>319295.8251</td>
              <td>252304.8305</td>
              <td>253256.8196</td>
              <td>819549.6885</td>
          </tr>
          <tr id="LC684" class="js-file-line">
            <td id="L684" class="blob-num js-line-number" data-line-number="684"></td>
              <td>UM_1_0050294</td>
              <td>12.6</td>
              <td>1</td>
              <td>103</td>
              <td>1</td>
              <td>2.66685</td>
              <td>2.61568</td>
              <td>269746.3875</td>
              <td>267077.4139</td>
              <td>250592.6645</td>
              <td>247907.5082</td>
              <td>718677.8013</td>
          </tr>
          <tr id="LC685" class="js-file-line">
            <td id="L685" class="blob-num js-line-number" data-line-number="685"></td>
              <td>UM_1_0050295</td>
              <td>11.5</td>
              <td>1</td>
              <td>135</td>
              <td>1</td>
              <td>2.65932</td>
              <td>2.6381</td>
              <td>322594.2476</td>
              <td>317093.9108</td>
              <td>234560.2075</td>
              <td>233161.6967</td>
              <td>833893.1584</td>
          </tr>
          <tr id="LC686" class="js-file-line">
            <td id="L686" class="blob-num js-line-number" data-line-number="686"></td>
              <td>UM_1_0050296</td>
              <td>15.1</td>
              <td>1</td>
              <td>89</td>
              <td>1</td>
              <td>2.46873</td>
              <td>2.49568</td>
              <td>267487.056</td>
              <td>264583.0017</td>
              <td>225713.2427</td>
              <td>220100.0868</td>
              <td>697332.0578</td>
          </tr>
          <tr id="LC687" class="js-file-line">
            <td id="L687" class="blob-num js-line-number" data-line-number="687"></td>
              <td>UM_1_0050297</td>
              <td>15.9</td>
              <td>1</td>
              <td>125.5</td>
              <td>1</td>
              <td>2.59708</td>
              <td>2.60764</td>
              <td>287262.733</td>
              <td>283468.2111</td>
              <td>249138.4515</td>
              <td>247953.1459</td>
              <td>755495.9441</td>
          </tr>
          <tr id="LC688" class="js-file-line">
            <td id="L688" class="blob-num js-line-number" data-line-number="688"></td>
              <td>UM_1_0050298</td>
              <td>12.8</td>
              <td>1</td>
              <td>101</td>
              <td>1</td>
              <td>2.69157</td>
              <td>2.66392</td>
              <td>271848.0383</td>
              <td>267951.7108</td>
              <td>206699.5821</td>
              <td>206743.3803</td>
              <td>726941.7491</td>
          </tr>
          <tr id="LC689" class="js-file-line">
            <td id="L689" class="blob-num js-line-number" data-line-number="689"></td>
              <td>UM_1_0050299</td>
              <td>12.2</td>
              <td>1</td>
              <td>87.5</td>
              <td>1</td>
              <td>2.59087</td>
              <td>2.61004</td>
              <td>178778.7952</td>
              <td>196537.7934</td>
              <td>149908.6514</td>
              <td>154994.6168</td>
              <td>544442.5886</td>
          </tr>
          <tr id="LC690" class="js-file-line">
            <td id="L690" class="blob-num js-line-number" data-line-number="690"></td>
              <td>UM_1_0050301</td>
              <td>16.1</td>
              <td>1</td>
              <td>97</td>
              <td>1</td>
              <td>2.63693</td>
              <td>2.59638</td>
              <td>269686.9467</td>
              <td>266285.7304</td>
              <td>271049.6419</td>
              <td>267137.1974</td>
              <td>741105.6771</td>
          </tr>
          <tr id="LC691" class="js-file-line">
            <td id="L691" class="blob-num js-line-number" data-line-number="691"></td>
              <td>UM_1_0050304</td>
              <td>11</td>
              <td>1</td>
              <td>96.5</td>
              <td>1</td>
              <td>2.72239</td>
              <td>2.67312</td>
              <td>287132.494</td>
              <td>288753.9551</td>
              <td>225934.1706</td>
              <td>225495.1737</td>
              <td>778201.4491</td>
          </tr>
          <tr id="LC692" class="js-file-line">
            <td id="L692" class="blob-num js-line-number" data-line-number="692"></td>
              <td>UM_1_0050306</td>
              <td>8.5</td>
              <td>1</td>
              <td>76</td>
              <td>1</td>
              <td>2.54109</td>
              <td>2.56459</td>
              <td>281062.4415</td>
              <td>280382.2269</td>
              <td>233532.2384</td>
              <td>232381.1272</td>
              <td>734643.6684</td>
          </tr>
          <tr id="LC693" class="js-file-line">
            <td id="L693" class="blob-num js-line-number" data-line-number="693"></td>
              <td>UM_1_0050307</td>
              <td>9.7</td>
              <td>1</td>
              <td>81.5</td>
              <td>1</td>
              <td>2.525</td>
              <td>2.49168</td>
              <td>234011.7605</td>
              <td>242074.741</td>
              <td>176935.4424</td>
              <td>185987.9192</td>
              <td>635786.5015</td>
          </tr>
          <tr id="LC694" class="js-file-line">
            <td id="L694" class="blob-num js-line-number" data-line-number="694"></td>
              <td>UM_1_0050308</td>
              <td>8.9</td>
              <td>1</td>
              <td>113</td>
              <td>1</td>
              <td>2.64004</td>
              <td>2.58809</td>
              <td>261289.6737</td>
              <td>253608.9939</td>
              <td>216601.153</td>
              <td>211750.6627</td>
              <td>705602.6676</td>
          </tr>
          <tr id="LC695" class="js-file-line">
            <td id="L695" class="blob-num js-line-number" data-line-number="695"></td>
              <td>UM_1_0050310</td>
              <td>9.7</td>
              <td>1</td>
              <td>78.5</td>
              <td>1</td>
              <td>2.72136</td>
              <td>2.71655</td>
              <td>309184.1534</td>
              <td>309756.4637</td>
              <td>228360.6752</td>
              <td>229233.873</td>
              <td>797501.6171</td>
          </tr>
          <tr id="LC696" class="js-file-line">
            <td id="L696" class="blob-num js-line-number" data-line-number="696"></td>
              <td>UM_1_0050311</td>
              <td>9.8</td>
              <td>1</td>
              <td>89</td>
              <td>1</td>
              <td>2.71066</td>
              <td>2.77072</td>
              <td>264663.0553</td>
              <td>258879.8232</td>
              <td>200125.9867</td>
              <td>191520.2622</td>
              <td>701499.8785</td>
          </tr>
          <tr id="LC697" class="js-file-line">
            <td id="L697" class="blob-num js-line-number" data-line-number="697"></td>
              <td>UM_1_0050312</td>
              <td>11.2</td>
              <td>1</td>
              <td>91</td>
              <td>1</td>
              <td>2.4895</td>
              <td>2.51073</td>
              <td>276087.433</td>
              <td>275012.7284</td>
              <td>258639.67</td>
              <td>251144.9577</td>
              <td>694930.1614</td>
          </tr>
          <tr id="LC698" class="js-file-line">
            <td id="L698" class="blob-num js-line-number" data-line-number="698"></td>
              <td>UM_1_0050314</td>
              <td>16.1</td>
              <td>1</td>
              <td>126</td>
              <td>1</td>
              <td>2.58118</td>
              <td>2.63035</td>
              <td>277207.8227</td>
              <td>276793.9598</td>
              <td>246951.6921</td>
              <td>243932.5575</td>
              <td>720222.7825</td>
          </tr>
          <tr id="LC699" class="js-file-line">
            <td id="L699" class="blob-num js-line-number" data-line-number="699"></td>
              <td>UM_1_0050315</td>
              <td>13.4</td>
              <td>1</td>
              <td>118.5</td>
              <td>1</td>
              <td>2.6231</td>
              <td>2.61259</td>
              <td>284558.5351</td>
              <td>282713.5021</td>
              <td>235374.8196</td>
              <td>231208.9807</td>
              <td>759264.0372</td>
          </tr>
          <tr id="LC700" class="js-file-line">
            <td id="L700" class="blob-num js-line-number" data-line-number="700"></td>
              <td>UM_1_0050316</td>
              <td>11.8</td>
              <td>1</td>
              <td>109</td>
              <td>1</td>
              <td>2.49395</td>
              <td>2.54016</td>
              <td>243367.698</td>
              <td>247612.987</td>
              <td>223989.5358</td>
              <td>225584.8786</td>
              <td>674223.685</td>
          </tr>
          <tr id="LC701" class="js-file-line">
            <td id="L701" class="blob-num js-line-number" data-line-number="701"></td>
              <td>UM_1_0050317</td>
              <td>9.8</td>
              <td>1</td>
              <td>115</td>
              <td>1</td>
              <td>2.5669</td>
              <td>2.58818</td>
              <td>260699.7997</td>
              <td>256559.9666</td>
              <td>216142.6256</td>
              <td>211480.2494</td>
              <td>697657.7663</td>
          </tr>
          <tr id="LC702" class="js-file-line">
            <td id="L702" class="blob-num js-line-number" data-line-number="702"></td>
              <td>UM_1_0050318</td>
              <td>9.2</td>
              <td>1</td>
              <td>147.5</td>
              <td>1</td>
              <td>2.7536</td>
              <td>2.68042</td>
              <td>283317.8486</td>
              <td>275924.0717</td>
              <td>204961.5176</td>
              <td>201110.2637</td>
              <td>710895.9203</td>
          </tr>
          <tr id="LC703" class="js-file-line">
            <td id="L703" class="blob-num js-line-number" data-line-number="703"></td>
              <td>UM_1_0050320</td>
              <td>18.6</td>
              <td>1</td>
              <td>108</td>
              <td>1</td>
              <td>2.56199</td>
              <td>2.59677</td>
              <td>261479.5049</td>
              <td>263551.0693</td>
              <td>243682.4407</td>
              <td>239814.3645</td>
              <td>709677.5742</td>
          </tr>
          <tr id="LC704" class="js-file-line">
            <td id="L704" class="blob-num js-line-number" data-line-number="704"></td>
              <td>UM_1_0050322</td>
              <td>12.4</td>
              <td>1</td>
              <td>92.5</td>
              <td>1</td>
              <td>2.57824</td>
              <td>2.65238</td>
              <td>225797.4273</td>
              <td>242134.9117</td>
              <td>197795.591</td>
              <td>200163.9059</td>
              <td>649781.339</td>
          </tr>
          <tr id="LC705" class="js-file-line">
            <td id="L705" class="blob-num js-line-number" data-line-number="705"></td>
              <td>UM_1_0050324</td>
              <td>13.8</td>
              <td>1</td>
              <td>124.5</td>
              <td>1</td>
              <td>2.65981</td>
              <td>2.65161</td>
              <td>318298.2671</td>
              <td>317350.8157</td>
              <td>256750.3987</td>
              <td>253461.0638</td>
              <td>805713.0827</td>
          </tr>
          <tr id="LC706" class="js-file-line">
            <td id="L706" class="blob-num js-line-number" data-line-number="706"></td>
              <td>UM_1_0050325</td>
              <td>13.1</td>
              <td>1</td>
              <td>77</td>
              <td>1</td>
              <td>2.69239</td>
              <td>2.62436</td>
              <td>275845.3628</td>
              <td>267103.6387</td>
              <td>228594.1834</td>
              <td>226633.0573</td>
              <td>731176.0015</td>
          </tr>
          <tr id="LC707" class="js-file-line">
            <td id="L707" class="blob-num js-line-number" data-line-number="707"></td>
              <td>UM_1_0050326</td>
              <td>12</td>
              <td>1</td>
              <td>79</td>
              <td>1</td>
              <td>2.59615</td>
              <td>2.57189</td>
              <td>271279.5573</td>
              <td>264063.4264</td>
              <td>219570.4665</td>
              <td>217108.3808</td>
              <td>709069.9837</td>
          </tr>
          <tr id="LC708" class="js-file-line">
            <td id="L708" class="blob-num js-line-number" data-line-number="708"></td>
              <td>UM_1_0050329</td>
              <td>17.1</td>
              <td>1</td>
              <td>100</td>
              <td>-1</td>
              <td>2.68777</td>
              <td>2.65401</td>
              <td>324807.2871</td>
              <td>320157.0825</td>
              <td>290415.6811</td>
              <td>285561.0475</td>
              <td>860761.3696</td>
          </tr>
          <tr id="LC709" class="js-file-line">
            <td id="L709" class="blob-num js-line-number" data-line-number="709"></td>
              <td>UM_1_0050330</td>
              <td>16.1</td>
              <td>1</td>
              <td>120</td>
              <td>-1</td>
              <td>2.55874</td>
              <td>2.53825</td>
              <td>260397.1247</td>
              <td>259354.6556</td>
              <td>222932.6204</td>
              <td>222051.8106</td>
              <td>711692.7803</td>
          </tr>
          <tr id="LC710" class="js-file-line">
            <td id="L710" class="blob-num js-line-number" data-line-number="710"></td>
              <td>UM_1_0050331</td>
              <td>17.2</td>
              <td>1</td>
              <td>-9999</td>
              <td>-1</td>
              <td>2.54875</td>
              <td>2.53109</td>
              <td>254079.4522</td>
              <td>253052.0395</td>
              <td>249702.931</td>
              <td>248266.3066</td>
              <td>691944.4916</td>
          </tr>
          <tr id="LC711" class="js-file-line">
            <td id="L711" class="blob-num js-line-number" data-line-number="711"></td>
              <td>UM_1_0050332</td>
              <td>10.4</td>
              <td>1</td>
              <td>103.5</td>
              <td>-1</td>
              <td>2.56202</td>
              <td>2.53541</td>
              <td>256662.0341</td>
              <td>259010.2933</td>
              <td>193954.964</td>
              <td>196795.2678</td>
              <td>672592.3274</td>
          </tr>
          <tr id="LC712" class="js-file-line">
            <td id="L712" class="blob-num js-line-number" data-line-number="712"></td>
              <td>UM_1_0050333</td>
              <td>10.2</td>
              <td>1</td>
              <td>100.5</td>
              <td>-1</td>
              <td>2.53198</td>
              <td>2.52327</td>
              <td>299789.7983</td>
              <td>301031.9267</td>
              <td>255410.5791</td>
              <td>253853.2705</td>
              <td>776438.725</td>
          </tr>
          <tr id="LC713" class="js-file-line">
            <td id="L713" class="blob-num js-line-number" data-line-number="713"></td>
              <td>UM_1_0050334</td>
              <td>11</td>
              <td>1</td>
              <td>108</td>
              <td>-1</td>
              <td>2.85297</td>
              <td>2.79796</td>
              <td>309636.6683</td>
              <td>303941.3131</td>
              <td>225469.2463</td>
              <td>221755.8513</td>
              <td>789458.9814</td>
          </tr>
          <tr id="LC714" class="js-file-line">
            <td id="L714" class="blob-num js-line-number" data-line-number="714"></td>
              <td>UM_1_0050335</td>
              <td>17.8</td>
              <td>1</td>
              <td>108</td>
              <td>-1</td>
              <td>2.56327</td>
              <td>2.57444</td>
              <td>276824.4825</td>
              <td>276156.8799</td>
              <td>236451.104</td>
              <td>235289.3179</td>
              <td>739163.3625</td>
          </tr>
          <tr id="LC715" class="js-file-line">
            <td id="L715" class="blob-num js-line-number" data-line-number="715"></td>
              <td>UM_1_0050337</td>
              <td>11.8</td>
              <td>1</td>
              <td>112</td>
              <td>-1</td>
              <td>2.66039</td>
              <td>2.67778</td>
              <td>306125.4078</td>
              <td>300394.9444</td>
              <td>244892.9797</td>
              <td>244796.2819</td>
              <td>782241.3522</td>
          </tr>
          <tr id="LC716" class="js-file-line">
            <td id="L716" class="blob-num js-line-number" data-line-number="716"></td>
              <td>UM_1_0050339</td>
              <td>18</td>
              <td>1</td>
              <td>-9999</td>
              <td>-1</td>
              <td>2.60777</td>
              <td>2.55944</td>
              <td>288224.2808</td>
              <td>287064.7976</td>
              <td>268518.5845</td>
              <td>264889.2616</td>
              <td>778239.0784</td>
          </tr>
          <tr id="LC717" class="js-file-line">
            <td id="L717" class="blob-num js-line-number" data-line-number="717"></td>
              <td>UM_1_0050342</td>
              <td>12.6</td>
              <td>1</td>
              <td>103.5</td>
              <td>-1</td>
              <td>2.69121</td>
              <td>2.7254</td>
              <td>291356.6757</td>
              <td>286344.5785</td>
              <td>220785.8431</td>
              <td>211255.9221</td>
              <td>756159.2542</td>
          </tr>
          <tr id="LC718" class="js-file-line">
            <td id="L718" class="blob-num js-line-number" data-line-number="718"></td>
              <td>UM_1_0050344</td>
              <td>18.2</td>
              <td>1</td>
              <td>121.5</td>
              <td>-1</td>
              <td>2.52569</td>
              <td>2.51327</td>
              <td>233490.1648</td>
              <td>233652.9412</td>
              <td>216148.7165</td>
              <td>215084.7665</td>
              <td>616315.106</td>
          </tr>
          <tr id="LC719" class="js-file-line">
            <td id="L719" class="blob-num js-line-number" data-line-number="719"></td>
              <td>UM_1_0050345</td>
              <td>17.3</td>
              <td>1</td>
              <td>118.5</td>
              <td>-1</td>
              <td>2.51881</td>
              <td>2.48543</td>
              <td>266775.335</td>
              <td>268796.3828</td>
              <td>239174.9915</td>
              <td>242698.2996</td>
              <td>659801.7178</td>
          </tr>
          <tr id="LC720" class="js-file-line">
            <td id="L720" class="blob-num js-line-number" data-line-number="720"></td>
              <td>UM_1_0050346</td>
              <td>18.9</td>
              <td>1</td>
              <td>115.5</td>
              <td>-1</td>
              <td>2.65825</td>
              <td>2.63897</td>
              <td>283787.6159</td>
              <td>280825.258</td>
              <td>256324.4198</td>
              <td>254853.4269</td>
              <td>757137.8739</td>
          </tr>
          <tr id="LC721" class="js-file-line">
            <td id="L721" class="blob-num js-line-number" data-line-number="721"></td>
              <td>UM_1_0050347</td>
              <td>15.6</td>
              <td>1</td>
              <td>122</td>
              <td>-1</td>
              <td>2.6398</td>
              <td>2.64911</td>
              <td>281729.8141</td>
              <td>282442.7196</td>
              <td>247662.7651</td>
              <td>246569.4149</td>
              <td>720853.5337</td>
          </tr>
          <tr id="LC722" class="js-file-line">
            <td id="L722" class="blob-num js-line-number" data-line-number="722"></td>
              <td>UM_1_0050349</td>
              <td>18.9</td>
              <td>1</td>
              <td>111</td>
              <td>-1</td>
              <td>2.63608</td>
              <td>2.66964</td>
              <td>295922.4041</td>
              <td>295892.8771</td>
              <td>283994.1136</td>
              <td>283755.1971</td>
              <td>766697.2811</td>
          </tr>
          <tr id="LC723" class="js-file-line">
            <td id="L723" class="blob-num js-line-number" data-line-number="723"></td>
              <td>UM_1_0050350</td>
              <td>12.4</td>
              <td>1</td>
              <td>109.5</td>
              <td>-1</td>
              <td>2.62648</td>
              <td>2.65359</td>
              <td>324023.8751</td>
              <td>320645.1909</td>
              <td>273565.0799</td>
              <td>270848.7941</td>
              <td>849348.066</td>
          </tr>
          <tr id="LC724" class="js-file-line">
            <td id="L724" class="blob-num js-line-number" data-line-number="724"></td>
              <td>UM_1_0050351</td>
              <td>16.8</td>
              <td>1</td>
              <td>116</td>
              <td>-1</td>
              <td>2.65406</td>
              <td>2.63085</td>
              <td>289258.2517</td>
              <td>284474.8899</td>
              <td>253041.7275</td>
              <td>252964.5783</td>
              <td>746930.1416</td>
          </tr>
          <tr id="LC725" class="js-file-line">
            <td id="L725" class="blob-num js-line-number" data-line-number="725"></td>
              <td>UM_1_0050352</td>
              <td>15.5</td>
              <td>1</td>
              <td>113.5</td>
              <td>-1</td>
              <td>2.45787</td>
              <td>2.51309</td>
              <td>276583.9179</td>
              <td>282762.4603</td>
              <td>279774.0258</td>
              <td>281871.8293</td>
              <td>754277.3783</td>
          </tr>
          <tr id="LC726" class="js-file-line">
            <td id="L726" class="blob-num js-line-number" data-line-number="726"></td>
              <td>UM_1_0050355</td>
              <td>10.9</td>
              <td>1</td>
              <td>127.5</td>
              <td>-1</td>
              <td>2.69745</td>
              <td>2.68427</td>
              <td>285485.3726</td>
              <td>280920.2273</td>
              <td>226209.7888</td>
              <td>224913.3465</td>
              <td>742453.5999</td>
          </tr>
          <tr id="LC727" class="js-file-line">
            <td id="L727" class="blob-num js-line-number" data-line-number="727"></td>
              <td>UM_1_0050358</td>
              <td>9.8</td>
              <td>1</td>
              <td>99.5</td>
              <td>-1</td>
              <td>2.63123</td>
              <td>2.65505</td>
              <td>283082.871</td>
              <td>282717.588</td>
              <td>192273.4364</td>
              <td>189217.5961</td>
              <td>735410.4591</td>
          </tr>
          <tr id="LC728" class="js-file-line">
            <td id="L728" class="blob-num js-line-number" data-line-number="728"></td>
              <td>UM_1_0050359</td>
              <td>10.4</td>
              <td>1</td>
              <td>85</td>
              <td>-1</td>
              <td>2.70439</td>
              <td>2.72707</td>
              <td>227319.988</td>
              <td>227591.6905</td>
              <td>169515.4468</td>
              <td>170073.2379</td>
              <td>603598.6786</td>
          </tr>
          <tr id="LC729" class="js-file-line">
            <td id="L729" class="blob-num js-line-number" data-line-number="729"></td>
              <td>UM_1_0050360</td>
              <td>13.9</td>
              <td>1</td>
              <td>113.5</td>
              <td>-1</td>
              <td>2.59136</td>
              <td>2.62078</td>
              <td>269105.9567</td>
              <td>270415.0406</td>
              <td>222222.4539</td>
              <td>221359.0883</td>
              <td>722747.9973</td>
          </tr>
          <tr id="LC730" class="js-file-line">
            <td id="L730" class="blob-num js-line-number" data-line-number="730"></td>
              <td>UM_1_0050362</td>
              <td>11.2</td>
              <td>1</td>
              <td>108</td>
              <td>-1</td>
              <td>2.58736</td>
              <td>2.62246</td>
              <td>256744.9283</td>
              <td>259578.422</td>
              <td>205769.9779</td>
              <td>206824.7397</td>
              <td>695062.3503</td>
          </tr>
          <tr id="LC731" class="js-file-line">
            <td id="L731" class="blob-num js-line-number" data-line-number="731"></td>
              <td>UM_1_0050363</td>
              <td>9.8</td>
              <td>1</td>
              <td>104.5</td>
              <td>-1</td>
              <td>2.64295</td>
              <td>2.65552</td>
              <td>325172.0198</td>
              <td>323327.9854</td>
              <td>271944.6491</td>
              <td>272957.004</td>
              <td>826655.0052</td>
          </tr>
          <tr id="LC732" class="js-file-line">
            <td id="L732" class="blob-num js-line-number" data-line-number="732"></td>
              <td>UM_1_0050364</td>
              <td>10.8</td>
              <td>1</td>
              <td>97</td>
              <td>-1</td>
              <td>2.66881</td>
              <td>2.68048</td>
              <td>278176.7085</td>
              <td>274520.1233</td>
              <td>216665.3439</td>
              <td>214631.1377</td>
              <td>728963.8318</td>
          </tr>
          <tr id="LC733" class="js-file-line">
            <td id="L733" class="blob-num js-line-number" data-line-number="733"></td>
              <td>UM_1_0050365</td>
              <td>15.6</td>
              <td>1</td>
              <td>106.5</td>
              <td>-1</td>
              <td>2.53705</td>
              <td>2.54302</td>
              <td>206803.9606</td>
              <td>209971.0175</td>
              <td>201366.4013</td>
              <td>203469.4794</td>
              <td>577775.978</td>
          </tr>
          <tr id="LC734" class="js-file-line">
            <td id="L734" class="blob-num js-line-number" data-line-number="734"></td>
              <td>UM_1_0050366</td>
              <td>8.2</td>
              <td>1</td>
              <td>102</td>
              <td>-1</td>
              <td>2.7436</td>
              <td>2.78114</td>
              <td>292766.4478</td>
              <td>297687.064</td>
              <td>220824.0746</td>
              <td>220364.026</td>
              <td>772575.5118</td>
          </tr>
          <tr id="LC735" class="js-file-line">
            <td id="L735" class="blob-num js-line-number" data-line-number="735"></td>
              <td>UM_1_0050367</td>
              <td>10.8</td>
              <td>1</td>
              <td>105</td>
              <td>-1</td>
              <td>2.87039</td>
              <td>2.87448</td>
              <td>301153.7168</td>
              <td>299318.2177</td>
              <td>215929.1657</td>
              <td>213467.4048</td>
              <td>775324.9345</td>
          </tr>
          <tr id="LC736" class="js-file-line">
            <td id="L736" class="blob-num js-line-number" data-line-number="736"></td>
              <td>UM_1_0050368</td>
              <td>17.9</td>
              <td>1</td>
              <td>118.5</td>
              <td>-1</td>
              <td>2.56415</td>
              <td>2.57898</td>
              <td>296242.7146</td>
              <td>298785.6405</td>
              <td>281316.6713</td>
              <td>281082.0552</td>
              <td>778820.3552</td>
          </tr>
          <tr id="LC737" class="js-file-line">
            <td id="L737" class="blob-num js-line-number" data-line-number="737"></td>
              <td>UM_1_0050370</td>
              <td>12.8</td>
              <td>1</td>
              <td>93.5</td>
              <td>-1</td>
              <td>2.65188</td>
              <td>2.66116</td>
              <td>285470.0591</td>
              <td>282466.1753</td>
              <td>245166.4392</td>
              <td>241727.4628</td>
              <td>739108.2344</td>
          </tr>
          <tr id="LC738" class="js-file-line">
            <td id="L738" class="blob-num js-line-number" data-line-number="738"></td>
              <td>UM_1_0050371</td>
              <td>12.2</td>
              <td>1</td>
              <td>97.5</td>
              <td>-1</td>
              <td>2.58339</td>
              <td>2.563</td>
              <td>299681.0425</td>
              <td>308918.2229</td>
              <td>246057.2066</td>
              <td>270167.0662</td>
              <td>784141.2654</td>
          </tr>
          <tr id="LC739" class="js-file-line">
            <td id="L739" class="blob-num js-line-number" data-line-number="739"></td>
              <td>UM_1_0050372</td>
              <td>10.2</td>
              <td>1</td>
              <td>107.5</td>
              <td>-1</td>
              <td>2.59196</td>
              <td>2.59816</td>
              <td>294410.9811</td>
              <td>296123.4325</td>
              <td>247044.5593</td>
              <td>247696.1041</td>
              <td>755159.4136</td>
          </tr>
          <tr id="LC740" class="js-file-line">
            <td id="L740" class="blob-num js-line-number" data-line-number="740"></td>
              <td>UM_1_0050376</td>
              <td>9.2</td>
              <td>1</td>
              <td>98.5</td>
              <td>-1</td>
              <td>2.56708</td>
              <td>2.58413</td>
              <td>247291.2201</td>
              <td>241508.4317</td>
              <td>201685.2507</td>
              <td>199470.8339</td>
              <td>614897.6518</td>
          </tr>
          <tr id="LC741" class="js-file-line">
            <td id="L741" class="blob-num js-line-number" data-line-number="741"></td>
              <td>UM_1_0050377</td>
              <td>11.5</td>
              <td>1</td>
              <td>113.5</td>
              <td>-1</td>
              <td>2.54004</td>
              <td>2.52216</td>
              <td>314911.9336</td>
              <td>311696.3085</td>
              <td>292983.941</td>
              <td>286307.3787</td>
              <td>803703.2421</td>
          </tr>
          <tr id="LC742" class="js-file-line">
            <td id="L742" class="blob-num js-line-number" data-line-number="742"></td>
              <td>UM_1_0050378</td>
              <td>11.6</td>
              <td>1</td>
              <td>114</td>
              <td>-1</td>
              <td>2.54495</td>
              <td>2.53135</td>
              <td>271715.2089</td>
              <td>271111.7094</td>
              <td>231501.4703</td>
              <td>230822.2843</td>
              <td>718091.9183</td>
          </tr>
          <tr id="LC743" class="js-file-line">
            <td id="L743" class="blob-num js-line-number" data-line-number="743"></td>
              <td>UM_1_0050381</td>
              <td>16.5</td>
              <td>1</td>
              <td>114.5</td>
              <td>-1</td>
              <td>2.51669</td>
              <td>2.51965</td>
              <td>290988.4859</td>
              <td>287602.8712</td>
              <td>264423.0537</td>
              <td>264277.7227</td>
              <td>768629.3571</td>
          </tr>
          <tr id="LC744" class="js-file-line">
            <td id="L744" class="blob-num js-line-number" data-line-number="744"></td>
              <td>UM_2_0050382</td>
              <td>28.8</td>
              <td>1</td>
              <td>114</td>
              <td>-1</td>
              <td>2.59035</td>
              <td>2.60585</td>
              <td>268916.8587</td>
              <td>268549.1953</td>
              <td>252405.6947</td>
              <td>249872.5201</td>
              <td>737183.054</td>
          </tr>
          <tr id="LC745" class="js-file-line">
            <td id="L745" class="blob-num js-line-number" data-line-number="745"></td>
              <td>UM_2_0050383</td>
              <td>14.4</td>
              <td>1</td>
              <td>116</td>
              <td>-1</td>
              <td>2.64999</td>
              <td>2.68564</td>
              <td>301011.1431</td>
              <td>302481.7787</td>
              <td>261543.5671</td>
              <td>256693.4117</td>
              <td>769485.9218</td>
          </tr>
          <tr id="LC746" class="js-file-line">
            <td id="L746" class="blob-num js-line-number" data-line-number="746"></td>
              <td>UM_2_0050385</td>
              <td>17.8</td>
              <td>1</td>
              <td>109</td>
              <td>-1</td>
              <td>2.62809</td>
              <td>2.63898</td>
              <td>284220.6401</td>
              <td>286342.2485</td>
              <td>237815.3398</td>
              <td>237567.5521</td>
              <td>738158.8886</td>
          </tr>
          <tr id="LC747" class="js-file-line">
            <td id="L747" class="blob-num js-line-number" data-line-number="747"></td>
              <td>UM_2_0050386</td>
              <td>17.8</td>
              <td>1</td>
              <td>129</td>
              <td>-1</td>
              <td>2.61718</td>
              <td>2.61303</td>
              <td>308678.6036</td>
              <td>310017.5085</td>
              <td>265603.5518</td>
              <td>263839.6815</td>
              <td>816615.1121</td>
          </tr>
          <tr id="LC748" class="js-file-line">
            <td id="L748" class="blob-num js-line-number" data-line-number="748"></td>
              <td>UM_2_0050387</td>
              <td>14</td>
              <td>1</td>
              <td>93.5</td>
              <td>-1</td>
              <td>2.62556</td>
              <td>2.64974</td>
              <td>282604.3086</td>
              <td>278827.7541</td>
              <td>247237.9085</td>
              <td>247092.3367</td>
              <td>742209.0627</td>
          </tr>
          <tr id="LC749" class="js-file-line">
            <td id="L749" class="blob-num js-line-number" data-line-number="749"></td>
              <td>UM_2_0050388</td>
              <td>26.8</td>
              <td>1</td>
              <td>115</td>
              <td>-1</td>
              <td>2.57911</td>
              <td>2.57465</td>
              <td>283605.5608</td>
              <td>282688.0384</td>
              <td>246510.3317</td>
              <td>247193.0996</td>
              <td>753815.5992</td>
          </tr>
          <tr id="LC750" class="js-file-line">
            <td id="L750" class="blob-num js-line-number" data-line-number="750"></td>
              <td>UM_2_0050390</td>
              <td>14.5</td>
              <td>1</td>
              <td>103.5</td>
              <td>-1</td>
              <td>2.7714</td>
              <td>2.76827</td>
              <td>297123.0451</td>
              <td>288996.1213</td>
              <td>221704.1856</td>
              <td>214700.1006</td>
              <td>774287.1664</td>
          </tr>
          <tr id="LC751" class="js-file-line">
            <td id="L751" class="blob-num js-line-number" data-line-number="751"></td>
              <td>UM_2_0050391</td>
              <td>17.2</td>
              <td>1</td>
              <td>113.5</td>
              <td>-1</td>
              <td>2.61123</td>
              <td>2.62517</td>
              <td>276368.0155</td>
              <td>278256.6656</td>
              <td>273341.9768</td>
              <td>270551.5185</td>
              <td>747698.6811</td>
          </tr>
          <tr id="LC752" class="js-file-line">
            <td id="L752" class="blob-num js-line-number" data-line-number="752"></td>
              <td>UM_2_0050397</td>
              <td>14.7</td>
              <td>1</td>
              <td>116</td>
              <td>1</td>
              <td>2.69198</td>
              <td>2.65194</td>
              <td>261275.4288</td>
              <td>254356.3437</td>
              <td>195879.1744</td>
              <td>190190.7037</td>
              <td>689553.7726</td>
          </tr>
          <tr id="LC753" class="js-file-line">
            <td id="L753" class="blob-num js-line-number" data-line-number="753"></td>
              <td>UM_2_0050399</td>
              <td>17.4</td>
              <td>1</td>
              <td>104.5</td>
              <td>1</td>
              <td>2.6228</td>
              <td>2.60528</td>
              <td>236923.8705</td>
              <td>237508.7163</td>
              <td>219406.2951</td>
              <td>221942.1291</td>
              <td>633494.5868</td>
          </tr>
          <tr id="LC754" class="js-file-line">
            <td id="L754" class="blob-num js-line-number" data-line-number="754"></td>
              <td>UM_2_0050402</td>
              <td>13.1</td>
              <td>1</td>
              <td>121</td>
              <td>1</td>
              <td>2.63522</td>
              <td>2.60047</td>
              <td>260099.917</td>
              <td>271697.8908</td>
              <td>183869.6833</td>
              <td>184112.418</td>
              <td>691924.8078</td>
          </tr>
          <tr id="LC755" class="js-file-line">
            <td id="L755" class="blob-num js-line-number" data-line-number="755"></td>
              <td>UM_2_0050403</td>
              <td>12.8</td>
              <td>1</td>
              <td>120.5</td>
              <td>1</td>
              <td>2.52389</td>
              <td>2.53462</td>
              <td>297407.1144</td>
              <td>304501.0783</td>
              <td>239840.7651</td>
              <td>247062.6319</td>
              <td>791862.1928</td>
          </tr>
          <tr id="LC756" class="js-file-line">
            <td id="L756" class="blob-num js-line-number" data-line-number="756"></td>
              <td>UM_2_0050404</td>
              <td>15.8</td>
              <td>1</td>
              <td>129.5</td>
              <td>1</td>
              <td>2.59012</td>
              <td>2.5783</td>
              <td>169722.9695</td>
              <td>189102.8929</td>
              <td>111746.5172</td>
              <td>127492.8023</td>
              <td>476307.8624</td>
          </tr>
          <tr id="LC757" class="js-file-line">
            <td id="L757" class="blob-num js-line-number" data-line-number="757"></td>
              <td>UM_2_0050405</td>
              <td>16.6</td>
              <td>1</td>
              <td>94</td>
              <td>1</td>
              <td>2.5203</td>
              <td>2.50454</td>
              <td>251865.1013</td>
              <td>259031.827</td>
              <td>238850.8146</td>
              <td>240509.5702</td>
              <td>705917.9283</td>
          </tr>
          <tr id="LC758" class="js-file-line">
            <td id="L758" class="blob-num js-line-number" data-line-number="758"></td>
              <td>UM_2_0050406</td>
              <td>15.2</td>
              <td>1</td>
              <td>90.5</td>
              <td>1</td>
              <td>2.57836</td>
              <td>2.51659</td>
              <td>279771.2473</td>
              <td>282853.3858</td>
              <td>241929.5722</td>
              <td>248104.8809</td>
              <td>751823.6331</td>
          </tr>
          <tr id="LC759" class="js-file-line">
            <td id="L759" class="blob-num js-line-number" data-line-number="759"></td>
              <td>UM_2_0050408</td>
              <td>14.8</td>
              <td>1</td>
              <td>118.5</td>
              <td>1</td>
              <td>2.58017</td>
              <td>2.55679</td>
              <td>286137.6381</td>
              <td>288317.0635</td>
              <td>235324.3906</td>
              <td>239608.3897</td>
              <td>764342.7016</td>
          </tr>
          <tr id="LC760" class="js-file-line">
            <td id="L760" class="blob-num js-line-number" data-line-number="760"></td>
              <td>UM_2_0050410</td>
              <td>16.1</td>
              <td>1</td>
              <td>110.5</td>
              <td>1</td>
              <td>2.49113</td>
              <td>2.47769</td>
              <td>265415.8055</td>
              <td>265218.0291</td>
              <td>237004.4575</td>
              <td>231826.2076</td>
              <td>726203.8345</td>
          </tr>
          <tr id="LC761" class="js-file-line">
            <td id="L761" class="blob-num js-line-number" data-line-number="761"></td>
              <td>UM_2_0050411</td>
              <td>14</td>
              <td>1</td>
              <td>125.5</td>
              <td>1</td>
              <td>2.54591</td>
              <td>2.53364</td>
              <td>324519.5485</td>
              <td>322064.6384</td>
              <td>287969.9446</td>
              <td>289258.6023</td>
              <td>853897.187</td>
          </tr>
          <tr id="LC762" class="js-file-line">
            <td id="L762" class="blob-num js-line-number" data-line-number="762"></td>
              <td>UM_2_0050412</td>
              <td>13.2</td>
              <td>1</td>
              <td>133.5</td>
              <td>1</td>
              <td>2.58449</td>
              <td>2.53069</td>
              <td>272921.7609</td>
              <td>273534.792</td>
              <td>219092.4799</td>
              <td>221371.622</td>
              <td>735181.5529</td>
          </tr>
          <tr id="LC763" class="js-file-line">
            <td id="L763" class="blob-num js-line-number" data-line-number="763"></td>
              <td>UM_2_0050413</td>
              <td>13.1</td>
              <td>1</td>
              <td>114.5</td>
              <td>1</td>
              <td>2.68982</td>
              <td>2.65683</td>
              <td>281199.9754</td>
              <td>269849.1138</td>
              <td>232661.3964</td>
              <td>227404.296</td>
              <td>733829.0892</td>
          </tr>
          <tr id="LC764" class="js-file-line">
            <td id="L764" class="blob-num js-line-number" data-line-number="764"></td>
              <td>UM_2_0050415</td>
              <td>17.6</td>
              <td>1</td>
              <td>111.5</td>
              <td>-1</td>
              <td>2.43483</td>
              <td>2.44296</td>
              <td>244898.4386</td>
              <td>241620.93</td>
              <td>219907.949</td>
              <td>220943.387</td>
              <td>667777.3686</td>
          </tr>
          <tr id="LC765" class="js-file-line">
            <td id="L765" class="blob-num js-line-number" data-line-number="765"></td>
              <td>UM_2_0050416</td>
              <td>14.8</td>
              <td>1</td>
              <td>108.5</td>
              <td>-1</td>
              <td>2.48229</td>
              <td>2.42378</td>
              <td>286202.5245</td>
              <td>281585.2808</td>
              <td>243268.5614</td>
              <td>245700.6481</td>
              <td>748066.8053</td>
          </tr>
          <tr id="LC766" class="js-file-line">
            <td id="L766" class="blob-num js-line-number" data-line-number="766"></td>
              <td>UM_2_0050417</td>
              <td>13.3</td>
              <td>1</td>
              <td>121.5</td>
              <td>-1</td>
              <td>2.49167</td>
              <td>2.46655</td>
              <td>258834.9697</td>
              <td>239396.6575</td>
              <td>217246.4473</td>
              <td>203377.9952</td>
              <td>673460.6272</td>
          </tr>
          <tr id="LC767" class="js-file-line">
            <td id="L767" class="blob-num js-line-number" data-line-number="767"></td>
              <td>UM_2_0050418</td>
              <td>14.9</td>
              <td>1</td>
              <td>112</td>
              <td>-1</td>
              <td>2.58762</td>
              <td>2.65955</td>
              <td>269017.8901</td>
              <td>270588.8954</td>
              <td>206072.4303</td>
              <td>206417.922</td>
              <td>720201.7855</td>
          </tr>
          <tr id="LC768" class="js-file-line">
            <td id="L768" class="blob-num js-line-number" data-line-number="768"></td>
              <td>UM_2_0050419</td>
              <td>15.8</td>
              <td>1</td>
              <td>111</td>
              <td>-1</td>
              <td>2.42186</td>
              <td>2.43464</td>
              <td>215314.6918</td>
              <td>218299.9051</td>
              <td>200620.1543</td>
              <td>204756.754</td>
              <td>586659.5969</td>
          </tr>
          <tr id="LC769" class="js-file-line">
            <td id="L769" class="blob-num js-line-number" data-line-number="769"></td>
              <td>UM_2_0050421</td>
              <td>15.4</td>
              <td>1</td>
              <td>116</td>
              <td>-1</td>
              <td>2.59425</td>
              <td>2.59965</td>
              <td>272173.5329</td>
              <td>276482.0611</td>
              <td>233061.9815</td>
              <td>237556.2725</td>
              <td>731821.594</td>
          </tr>
          <tr id="LC770" class="js-file-line">
            <td id="L770" class="blob-num js-line-number" data-line-number="770"></td>
              <td>UM_2_0050422</td>
              <td>14.8</td>
              <td>1</td>
              <td>114.5</td>
              <td>-1</td>
              <td>2.47999</td>
              <td>2.4306</td>
              <td>250147.6828</td>
              <td>254167.4778</td>
              <td>208306.2617</td>
              <td>216248.6888</td>
              <td>683375.1605</td>
          </tr>
          <tr id="LC771" class="js-file-line">
            <td id="L771" class="blob-num js-line-number" data-line-number="771"></td>
              <td>UM_2_0050424</td>
              <td>17.9</td>
              <td>1</td>
              <td>125.5</td>
              <td>-1</td>
              <td>2.48314</td>
              <td>2.43269</td>
              <td>260721.831</td>
              <td>263783.0808</td>
              <td>232997.3692</td>
              <td>235126.0768</td>
              <td>701199.9118</td>
          </tr>
          <tr id="LC772" class="js-file-line">
            <td id="L772" class="blob-num js-line-number" data-line-number="772"></td>
              <td>UM_2_0050425</td>
              <td>16.6</td>
              <td>1</td>
              <td>112</td>
              <td>-1</td>
              <td>2.52293</td>
              <td>2.45474</td>
              <td>271639.8754</td>
              <td>256769.0002</td>
              <td>216630.309</td>
              <td>208907.1042</td>
              <td>723285.8755</td>
          </tr>
          <tr id="LC773" class="js-file-line">
            <td id="L773" class="blob-num js-line-number" data-line-number="773"></td>
              <td>UM_2_0050426</td>
              <td>13.6</td>
              <td>1</td>
              <td>113</td>
              <td>-1</td>
              <td>2.57063</td>
              <td>2.49676</td>
              <td>273269.7404</td>
              <td>267029.4514</td>
              <td>200642.7961</td>
              <td>196767.2981</td>
              <td>717575.1918</td>
          </tr>
          <tr id="LC774" class="js-file-line">
            <td id="L774" class="blob-num js-line-number" data-line-number="774"></td>
              <td>UM_2_0050427</td>
              <td>15.8</td>
              <td>1</td>
              <td>96</td>
              <td>-1</td>
              <td>2.5645</td>
              <td>2.46568</td>
              <td>245704.5077</td>
              <td>239112.2099</td>
              <td>220561.6586</td>
              <td>225372.3645</td>
              <td>668590.7175</td>
          </tr>
          <tr id="LC775" class="js-file-line">
            <td id="L775" class="blob-num js-line-number" data-line-number="775"></td>
              <td>UM_2_0050428</td>
              <td>15.5</td>
              <td>1</td>
              <td>89.5</td>
              <td>-1</td>
              <td>2.3911</td>
              <td>2.45925</td>
              <td>222955.4144</td>
              <td>224139.4689</td>
              <td>198090.6971</td>
              <td>195982.4171</td>
              <td>598218.8834</td>
          </tr>
          <tr id="LC776" class="js-file-line">
            <td id="L776" class="blob-num js-line-number" data-line-number="776"></td>
              <td>USM_0050432</td>
              <td>18.2806</td>
              <td>1</td>
              <td>131</td>
              <td>-1</td>
              <td>2.68208</td>
              <td>2.66025</td>
              <td>347657.2314</td>
              <td>356939.2648</td>
              <td>348233.6293</td>
              <td>364305.4959</td>
              <td>951749.4962</td>
          </tr>
          <tr id="LC777" class="js-file-line">
            <td id="L777" class="blob-num js-line-number" data-line-number="777"></td>
              <td>USM_0050433</td>
              <td>18.7379</td>
              <td>1</td>
              <td>100</td>
              <td>-1</td>
              <td>2.67389</td>
              <td>2.63367</td>
              <td>286759.7589</td>
              <td>283790.1208</td>
              <td>253326.0139</td>
              <td>252334.2723</td>
              <td>744822.8797</td>
          </tr>
          <tr id="LC778" class="js-file-line">
            <td id="L778" class="blob-num js-line-number" data-line-number="778"></td>
              <td>USM_0050434</td>
              <td>18.2615</td>
              <td>1</td>
              <td>93</td>
              <td>-1</td>
              <td>2.70451</td>
              <td>2.71628</td>
              <td>253263.1311</td>
              <td>252926.5633</td>
              <td>197397.8365</td>
              <td>196969.456</td>
              <td>665324.6944</td>
          </tr>
          <tr id="LC779" class="js-file-line">
            <td id="L779" class="blob-num js-line-number" data-line-number="779"></td>
              <td>USM_0050435</td>
              <td>16.104</td>
              <td>1</td>
              <td>100</td>
              <td>-1</td>
              <td>2.69556</td>
              <td>2.60073</td>
              <td>311186.1284</td>
              <td>297835.9718</td>
              <td>291375.4254</td>
              <td>278000.1064</td>
              <td>779873.1002</td>
          </tr>
          <tr id="LC780" class="js-file-line">
            <td id="L780" class="blob-num js-line-number" data-line-number="780"></td>
              <td>USM_0050436</td>
              <td>13.8097</td>
              <td>1</td>
              <td>126</td>
              <td>-1</td>
              <td>2.84814</td>
              <td>2.81962</td>
              <td>308830.6577</td>
              <td>304834.7296</td>
              <td>228427.0764</td>
              <td>225701.8928</td>
              <td>818974.3873</td>
          </tr>
          <tr id="LC781" class="js-file-line">
            <td id="L781" class="blob-num js-line-number" data-line-number="781"></td>
              <td>USM_0050437</td>
              <td>14.9432</td>
              <td>1</td>
              <td>138</td>
              <td>-1</td>
              <td>2.63961</td>
              <td>2.63333</td>
              <td>293604.1034</td>
              <td>290946.9107</td>
              <td>264529.4069</td>
              <td>259969.5459</td>
              <td>784392.0141</td>
          </tr>
          <tr id="LC782" class="js-file-line">
            <td id="L782" class="blob-num js-line-number" data-line-number="782"></td>
              <td>USM_0050438</td>
              <td>15.0253</td>
              <td>1</td>
              <td>97</td>
              <td>-1</td>
              <td>2.88761</td>
              <td>2.8579</td>
              <td>306623.2946</td>
              <td>308441.0034</td>
              <td>244436.5428</td>
              <td>244409.2515</td>
              <td>782305.298</td>
          </tr>
          <tr id="LC783" class="js-file-line">
            <td id="L783" class="blob-num js-line-number" data-line-number="783"></td>
              <td>USM_0050439</td>
              <td>22.601</td>
              <td>1</td>
              <td>128</td>
              <td>-1</td>
              <td>2.54981</td>
              <td>2.56874</td>
              <td>293396.7655</td>
              <td>294081.6822</td>
              <td>272458.5025</td>
              <td>269560.7636</td>
              <td>793445.4477</td>
          </tr>
          <tr id="LC784" class="js-file-line">
            <td id="L784" class="blob-num js-line-number" data-line-number="784"></td>
              <td>USM_0050440</td>
              <td>23.948</td>
              <td>1</td>
              <td>98</td>
              <td>-1</td>
              <td>2.54777</td>
              <td>2.58151</td>
              <td>271769.987</td>
              <td>277008.4842</td>
              <td>253036.5292</td>
              <td>252751.1618</td>
              <td>721239.4712</td>
          </tr>
          <tr id="LC785" class="js-file-line">
            <td id="L785" class="blob-num js-line-number" data-line-number="785"></td>
              <td>USM_0050441</td>
              <td>27.5975</td>
              <td>1</td>
              <td>123</td>
              <td>-1</td>
              <td>2.73651</td>
              <td>2.6779</td>
              <td>291156.9872</td>
              <td>289354.4038</td>
              <td>265718.4912</td>
              <td>262240.7789</td>
              <td>781783.391</td>
          </tr>
          <tr id="LC786" class="js-file-line">
            <td id="L786" class="blob-num js-line-number" data-line-number="786"></td>
              <td>USM_0050442</td>
              <td>26.8528</td>
              <td>1</td>
              <td>127</td>
              <td>-1</td>
              <td>2.5751</td>
              <td>2.52993</td>
              <td>270526.0879</td>
              <td>264031.3841</td>
              <td>280823.155</td>
              <td>276311.4543</td>
              <td>724553.4719</td>
          </tr>
          <tr id="LC787" class="js-file-line">
            <td id="L787" class="blob-num js-line-number" data-line-number="787"></td>
              <td>USM_0050443</td>
              <td>17.0705</td>
              <td>1</td>
              <td>120</td>
              <td>-1</td>
              <td>2.61083</td>
              <td>2.57825</td>
              <td>309302.3915</td>
              <td>309252.0074</td>
              <td>250190.4086</td>
              <td>249947.3052</td>
              <td>807913.3989</td>
          </tr>
          <tr id="LC788" class="js-file-line">
            <td id="L788" class="blob-num js-line-number" data-line-number="788"></td>
              <td>USM_0050444</td>
              <td>24.9884</td>
              <td>1</td>
              <td>100</td>
              <td>-1</td>
              <td>2.62105</td>
              <td>2.62094</td>
              <td>236559.0805</td>
              <td>238046.7041</td>
              <td>206652.6657</td>
              <td>206747.2124</td>
              <td>641609.7846</td>
          </tr>
          <tr id="LC789" class="js-file-line">
            <td id="L789" class="blob-num js-line-number" data-line-number="789"></td>
              <td>USM_0050445</td>
              <td>18.1383</td>
              <td>1</td>
              <td>128</td>
              <td>-1</td>
              <td>2.64963</td>
              <td>2.59227</td>
              <td>282304.1091</td>
              <td>281755.0324</td>
              <td>233217.6723</td>
              <td>231739.5845</td>
              <td>741062.1416</td>
          </tr>
          <tr id="LC790" class="js-file-line">
            <td id="L790" class="blob-num js-line-number" data-line-number="790"></td>
              <td>USM_0050446</td>
              <td>27.3238</td>
              <td>1</td>
              <td>116</td>
              <td>-1</td>
              <td>2.60023</td>
              <td>2.53415</td>
              <td>301065.6183</td>
              <td>293835.784</td>
              <td>278088.3049</td>
              <td>271749.7808</td>
              <td>770517.4023</td>
          </tr>
          <tr id="LC791" class="js-file-line">
            <td id="L791" class="blob-num js-line-number" data-line-number="791"></td>
              <td>USM_0050447</td>
              <td>12.9391</td>
              <td>1</td>
              <td>130</td>
              <td>-1</td>
              <td>2.71846</td>
              <td>2.67825</td>
              <td>336558.1744</td>
              <td>331804.8004</td>
              <td>260567.6338</td>
              <td>260260.2023</td>
              <td>858710.9748</td>
          </tr>
          <tr id="LC792" class="js-file-line">
            <td id="L792" class="blob-num js-line-number" data-line-number="792"></td>
              <td>USM_0050448</td>
              <td>10.4668</td>
              <td>1</td>
              <td>144</td>
              <td>-1</td>
              <td>2.80947</td>
              <td>2.81607</td>
              <td>328089.6071</td>
              <td>335096.9979</td>
              <td>251569.2745</td>
              <td>253564.1985</td>
              <td>860874.6049</td>
          </tr>
          <tr id="LC793" class="js-file-line">
            <td id="L793" class="blob-num js-line-number" data-line-number="793"></td>
              <td>USM_0050449</td>
              <td>18.2177</td>
              <td>1</td>
              <td>108</td>
              <td>-1</td>
              <td>2.58091</td>
              <td>2.56712</td>
              <td>290015.9637</td>
              <td>287380.7562</td>
              <td>241826.5757</td>
              <td>236647.6208</td>
              <td>759815.7199</td>
          </tr>
          <tr id="LC794" class="js-file-line">
            <td id="L794" class="blob-num js-line-number" data-line-number="794"></td>
              <td>USM_0050450</td>
              <td>21.0979</td>
              <td>1</td>
              <td>95</td>
              <td>-1</td>
              <td>2.57902</td>
              <td>2.56968</td>
              <td>291848.9852</td>
              <td>292234.8767</td>
              <td>281095.1313</td>
              <td>281931.8207</td>
              <td>772827.862</td>
          </tr>
          <tr id="LC795" class="js-file-line">
            <td id="L795" class="blob-num js-line-number" data-line-number="795"></td>
              <td>USM_0050451</td>
              <td>12.5257</td>
              <td>1</td>
              <td>109</td>
              <td>-1</td>
              <td>2.73943</td>
              <td>2.72144</td>
              <td>271903.854</td>
              <td>270233.3675</td>
              <td>213988.7805</td>
              <td>210761.9308</td>
              <td>723400.2215</td>
          </tr>
          <tr id="LC796" class="js-file-line">
            <td id="L796" class="blob-num js-line-number" data-line-number="796"></td>
              <td>USM_0050452</td>
              <td>29.9685</td>
              <td>1</td>
              <td>112</td>
              <td>-1</td>
              <td>2.64478</td>
              <td>2.62045</td>
              <td>290989.5121</td>
              <td>287584.4014</td>
              <td>265583.6204</td>
              <td>259194.9387</td>
              <td>759453.9135</td>
          </tr>
          <tr id="LC797" class="js-file-line">
            <td id="L797" class="blob-num js-line-number" data-line-number="797"></td>
              <td>USM_0050453</td>
              <td>8.7721</td>
              <td>1</td>
              <td>121</td>
              <td>-1</td>
              <td>2.71824</td>
              <td>2.71935</td>
              <td>303476.3905</td>
              <td>304510.2714</td>
              <td>209690.2932</td>
              <td>208039.7701</td>
              <td>799116.662</td>
          </tr>
          <tr id="LC798" class="js-file-line">
            <td id="L798" class="blob-num js-line-number" data-line-number="798"></td>
              <td>USM_0050454</td>
              <td>18.8008</td>
              <td>1</td>
              <td>111</td>
              <td>-1</td>
              <td>2.62232</td>
              <td>2.62809</td>
              <td>292232.1669</td>
              <td>293077.7119</td>
              <td>238754.5496</td>
              <td>238943.7446</td>
              <td>777669.8788</td>
          </tr>
          <tr id="LC799" class="js-file-line">
            <td id="L799" class="blob-num js-line-number" data-line-number="799"></td>
              <td>USM_0050455</td>
              <td>31.2827</td>
              <td>1</td>
              <td>112</td>
              <td>-1</td>
              <td>2.47868</td>
              <td>2.45299</td>
              <td>284192.7627</td>
              <td>276598.2386</td>
              <td>260115.5783</td>
              <td>255588.7787</td>
              <td>746210.0013</td>
          </tr>
          <tr id="LC800" class="js-file-line">
            <td id="L800" class="blob-num js-line-number" data-line-number="800"></td>
              <td>USM_0050456</td>
              <td>16.0986</td>
              <td>1</td>
              <td>109</td>
              <td>-1</td>
              <td>2.67943</td>
              <td>2.64714</td>
              <td>294612.6411</td>
              <td>294067.4329</td>
              <td>247813.3513</td>
              <td>249934.2202</td>
              <td>787439.074</td>
          </tr>
          <tr id="LC801" class="js-file-line">
            <td id="L801" class="blob-num js-line-number" data-line-number="801"></td>
              <td>USM_0050457</td>
              <td>34.0534</td>
              <td>1</td>
              <td>123</td>
              <td>-1</td>
              <td>2.53832</td>
              <td>2.52066</td>
              <td>283361.048</td>
              <td>280597.5911</td>
              <td>265854.4534</td>
              <td>263302.5562</td>
              <td>746298.6391</td>
          </tr>
          <tr id="LC802" class="js-file-line">
            <td id="L802" class="blob-num js-line-number" data-line-number="802"></td>
              <td>USM_0050458</td>
              <td>26.1465</td>
              <td>1</td>
              <td>148</td>
              <td>-1</td>
              <td>2.39922</td>
              <td>2.41309</td>
              <td>250799.4176</td>
              <td>250666.627</td>
              <td>236402.4853</td>
              <td>234691.5249</td>
              <td>673995.0447</td>
          </tr>
          <tr id="LC803" class="js-file-line">
            <td id="L803" class="blob-num js-line-number" data-line-number="803"></td>
              <td>USM_0050459</td>
              <td>18.1547</td>
              <td>1</td>
              <td>111</td>
              <td>-1</td>
              <td>2.5764</td>
              <td>2.56437</td>
              <td>254892.7936</td>
              <td>252574.2693</td>
              <td>243787.4023</td>
              <td>242992.7591</td>
              <td>696442.0629</td>
          </tr>
          <tr id="LC804" class="js-file-line">
            <td id="L804" class="blob-num js-line-number" data-line-number="804"></td>
              <td>USM_0050460</td>
              <td>14.412</td>
              <td>1</td>
              <td>109</td>
              <td>-1</td>
              <td>2.71997</td>
              <td>2.67875</td>
              <td>330551.9373</td>
              <td>326983.611</td>
              <td>281498.28</td>
              <td>280353.8077</td>
              <td>853751.5483</td>
          </tr>
          <tr id="LC805" class="js-file-line">
            <td id="L805" class="blob-num js-line-number" data-line-number="805"></td>
              <td>USM_0050461</td>
              <td>16.3943</td>
              <td>1</td>
              <td>113</td>
              <td>-1</td>
              <td>2.75449</td>
              <td>2.72655</td>
              <td>288633.9183</td>
              <td>284492.3135</td>
              <td>230979.3335</td>
              <td>228759.9996</td>
              <td>762416.2317</td>
          </tr>
          <tr id="LC806" class="js-file-line">
            <td id="L806" class="blob-num js-line-number" data-line-number="806"></td>
              <td>USM_0050462</td>
              <td>24.6543</td>
              <td>1</td>
              <td>120</td>
              <td>-1</td>
              <td>2.54693</td>
              <td>2.46983</td>
              <td>267985.4834</td>
              <td>260784.7414</td>
              <td>253545.6827</td>
              <td>253814.5891</td>
              <td>726622.2249</td>
          </tr>
          <tr id="LC807" class="js-file-line">
            <td id="L807" class="blob-num js-line-number" data-line-number="807"></td>
              <td>USM_0050463</td>
              <td>28.3669</td>
              <td>1</td>
              <td>121</td>
              <td>-1</td>
              <td>2.61858</td>
              <td>2.58858</td>
              <td>271113.5171</td>
              <td>266826.5988</td>
              <td>226737.4733</td>
              <td>225198.5572</td>
              <td>737892.1159</td>
          </tr>
          <tr id="LC808" class="js-file-line">
            <td id="L808" class="blob-num js-line-number" data-line-number="808"></td>
              <td>USM_0050464</td>
              <td>9.9548</td>
              <td>1</td>
              <td>119</td>
              <td>-1</td>
              <td>2.79159</td>
              <td>2.78297</td>
              <td>311175.7777</td>
              <td>311479.9403</td>
              <td>223950.0584</td>
              <td>223187.0443</td>
              <td>821122.718</td>
          </tr>
          <tr id="LC809" class="js-file-line">
            <td id="L809" class="blob-num js-line-number" data-line-number="809"></td>
              <td>USM_0050465</td>
              <td>34.0068</td>
              <td>1</td>
              <td>129</td>
              <td>-1</td>
              <td>2.44737</td>
              <td>2.448</td>
              <td>240744.0298</td>
              <td>241921.5757</td>
              <td>246374.4597</td>
              <td>245307.0327</td>
              <td>648898.6055</td>
          </tr>
          <tr id="LC810" class="js-file-line">
            <td id="L810" class="blob-num js-line-number" data-line-number="810"></td>
              <td>USM_0050466</td>
              <td>39.2526</td>
              <td>1</td>
              <td>103</td>
              <td>-1</td>
              <td>2.41418</td>
              <td>2.41324</td>
              <td>227139.1138</td>
              <td>228769.6149</td>
              <td>233814.9278</td>
              <td>235282.0487</td>
              <td>620391.7287</td>
          </tr>
          <tr id="LC811" class="js-file-line">
            <td id="L811" class="blob-num js-line-number" data-line-number="811"></td>
              <td>USM_0050467</td>
              <td>19.7591</td>
              <td>1</td>
              <td>89</td>
              <td>-1</td>
              <td>2.55893</td>
              <td>2.52155</td>
              <td>249538.2548</td>
              <td>250166.8658</td>
              <td>222958.7474</td>
              <td>225209.8874</td>
              <td>691836.1206</td>
          </tr>
          <tr id="LC812" class="js-file-line">
            <td id="L812" class="blob-num js-line-number" data-line-number="812"></td>
              <td>USM_0050468</td>
              <td>39.3949</td>
              <td>1</td>
              <td>122</td>
              <td>-1</td>
              <td>2.48984</td>
              <td>2.42117</td>
              <td>282685.344</td>
              <td>278754.2683</td>
              <td>266636.311</td>
              <td>262897.5027</td>
              <td>741780.6123</td>
          </tr>
          <tr id="LC813" class="js-file-line">
            <td id="L813" class="blob-num js-line-number" data-line-number="813"></td>
              <td>USM_0050469</td>
              <td>28.5613</td>
              <td>1</td>
              <td>134</td>
              <td>-1</td>
              <td>2.47946</td>
              <td>2.48381</td>
              <td>262822.2186</td>
              <td>261820.5324</td>
              <td>269487.3999</td>
              <td>269345.4334</td>
              <td>709656.751</td>
          </tr>
          <tr id="LC814" class="js-file-line">
            <td id="L814" class="blob-num js-line-number" data-line-number="814"></td>
              <td>USM_0050470</td>
              <td>9.9165</td>
              <td>1</td>
              <td>106</td>
              <td>-1</td>
              <td>2.86604</td>
              <td>2.86485</td>
              <td>316924.5695</td>
              <td>318299.3642</td>
              <td>237542.8074</td>
              <td>238582.9564</td>
              <td>812287.9337</td>
          </tr>
          <tr id="LC815" class="js-file-line">
            <td id="L815" class="blob-num js-line-number" data-line-number="815"></td>
              <td>USM_0050471</td>
              <td>25.0157</td>
              <td>1</td>
              <td>108</td>
              <td>-1</td>
              <td>2.69592</td>
              <td>2.66974</td>
              <td>287959.9158</td>
              <td>285934.2839</td>
              <td>274775.1513</td>
              <td>272302.9741</td>
              <td>747511.1997</td>
          </tr>
          <tr id="LC816" class="js-file-line">
            <td id="L816" class="blob-num js-line-number" data-line-number="816"></td>
              <td>USM_0050472</td>
              <td>22.1081</td>
              <td>1</td>
              <td>104</td>
              <td>-1</td>
              <td>2.51983</td>
              <td>2.51219</td>
              <td>254046.9581</td>
              <td>251363.9017</td>
              <td>229291.1</td>
              <td>224364.7133</td>
              <td>676587.8598</td>
          </tr>
          <tr id="LC817" class="js-file-line">
            <td id="L817" class="blob-num js-line-number" data-line-number="817"></td>
              <td>USM_0050473</td>
              <td>22.4367</td>
              <td>1</td>
              <td>106</td>
              <td>-1</td>
              <td>2.59397</td>
              <td>2.56189</td>
              <td>295485.5596</td>
              <td>292010.4666</td>
              <td>269793.1722</td>
              <td>263950.5489</td>
              <td>787632.0262</td>
          </tr>
          <tr id="LC818" class="js-file-line">
            <td id="L818" class="blob-num js-line-number" data-line-number="818"></td>
              <td>USM_0050474</td>
              <td>22.0479</td>
              <td>1</td>
              <td>110</td>
              <td>-1</td>
              <td>2.58437</td>
              <td>2.57833</td>
              <td>262973.7299</td>
              <td>257655.2166</td>
              <td>266118.3681</td>
              <td>263750.7615</td>
              <td>693622.9466</td>
          </tr>
          <tr id="LC819" class="js-file-line">
            <td id="L819" class="blob-num js-line-number" data-line-number="819"></td>
              <td>USM_0050475</td>
              <td>21.6482</td>
              <td>1</td>
              <td>117</td>
              <td>1</td>
              <td>2.51463</td>
              <td>2.49653</td>
              <td>265240.7918</td>
              <td>264721.7852</td>
              <td>266555.6768</td>
              <td>265718.5812</td>
              <td>728144.5771</td>
          </tr>
          <tr id="LC820" class="js-file-line">
            <td id="L820" class="blob-num js-line-number" data-line-number="820"></td>
              <td>USM_0050476</td>
              <td>20.1697</td>
              <td>1</td>
              <td>108</td>
              <td>1</td>
              <td>2.56998</td>
              <td>2.6102</td>
              <td>262871.6205</td>
              <td>264318.7261</td>
              <td>200965.1902</td>
              <td>196045.0469</td>
              <td>711596.3466</td>
          </tr>
          <tr id="LC821" class="js-file-line">
            <td id="L821" class="blob-num js-line-number" data-line-number="821"></td>
              <td>USM_0050477</td>
              <td>20.1807</td>
              <td>1</td>
              <td>92</td>
              <td>1</td>
              <td>2.53981</td>
              <td>2.53423</td>
              <td>253442.892</td>
              <td>251941.131</td>
              <td>229173.3865</td>
              <td>229743.1315</td>
              <td>702870.0231</td>
          </tr>
          <tr id="LC822" class="js-file-line">
            <td id="L822" class="blob-num js-line-number" data-line-number="822"></td>
              <td>USM_0050478</td>
              <td>20.178</td>
              <td>1</td>
              <td>91</td>
              <td>1</td>
              <td>2.49883</td>
              <td>2.54142</td>
              <td>261418.6363</td>
              <td>265269.493</td>
              <td>237766.3684</td>
              <td>237441.3651</td>
              <td>727780.1293</td>
          </tr>
          <tr id="LC823" class="js-file-line">
            <td id="L823" class="blob-num js-line-number" data-line-number="823"></td>
              <td>USM_0050479</td>
              <td>22.8802</td>
              <td>1</td>
              <td>113</td>
              <td>1</td>
              <td>2.652</td>
              <td>2.55381</td>
              <td>311725.4921</td>
              <td>307417.7998</td>
              <td>254515.1806</td>
              <td>255597.1256</td>
              <td>801065.2919</td>
          </tr>
          <tr id="LC824" class="js-file-line">
            <td id="L824" class="blob-num js-line-number" data-line-number="824"></td>
              <td>USM_0050480</td>
              <td>29.0897</td>
              <td>1</td>
              <td>127</td>
              <td>1</td>
              <td>2.52196</td>
              <td>2.49244</td>
              <td>282959.3163</td>
              <td>278979.3023</td>
              <td>301359.9764</td>
              <td>293452.1937</td>
              <td>756110.6186</td>
          </tr>
          <tr id="LC825" class="js-file-line">
            <td id="L825" class="blob-num js-line-number" data-line-number="825"></td>
              <td>USM_0050481</td>
              <td>17.1663</td>
              <td>1</td>
              <td>88</td>
              <td>1</td>
              <td>2.78346</td>
              <td>2.71919</td>
              <td>285135.1297</td>
              <td>279512.6555</td>
              <td>217773.4963</td>
              <td>212401.5107</td>
              <td>747515.7852</td>
          </tr>
          <tr id="LC826" class="js-file-line">
            <td id="L826" class="blob-num js-line-number" data-line-number="826"></td>
              <td>USM_0050482</td>
              <td>27.4114</td>
              <td>1</td>
              <td>94</td>
              <td>1</td>
              <td>2.46222</td>
              <td>2.44977</td>
              <td>228994.158</td>
              <td>234313.3366</td>
              <td>176030.1976</td>
              <td>183068.9804</td>
              <td>604047.4945</td>
          </tr>
          <tr id="LC827" class="js-file-line">
            <td id="L827" class="blob-num js-line-number" data-line-number="827"></td>
              <td>USM_0050483</td>
              <td>21.4346</td>
              <td>1</td>
              <td>96</td>
              <td>1</td>
              <td>2.56691</td>
              <td>2.59457</td>
              <td>246497.9587</td>
              <td>250532.1547</td>
              <td>204968.4749</td>
              <td>206357.8647</td>
              <td>667754.1134</td>
          </tr>
          <tr id="LC828" class="js-file-line">
            <td id="L828" class="blob-num js-line-number" data-line-number="828"></td>
              <td>USM_0050484</td>
              <td>19.7043</td>
              <td>1</td>
              <td>102</td>
              <td>1</td>
              <td>2.567</td>
              <td>2.5722</td>
              <td>298641.0446</td>
              <td>295738.2478</td>
              <td>287762.2075</td>
              <td>283377.8653</td>
              <td>783564.2923</td>
          </tr>
          <tr id="LC829" class="js-file-line">
            <td id="L829" class="blob-num js-line-number" data-line-number="829"></td>
              <td>USM_0050485</td>
              <td>23.5948</td>
              <td>1</td>
              <td>132</td>
              <td>1</td>
              <td>2.50204</td>
              <td>2.49295</td>
              <td>278871.5223</td>
              <td>276193.7243</td>
              <td>271235.4724</td>
              <td>267800.4547</td>
              <td>762696.2466</td>
          </tr>
          <tr id="LC830" class="js-file-line">
            <td id="L830" class="blob-num js-line-number" data-line-number="830"></td>
              <td>USM_0050486</td>
              <td>17.7878</td>
              <td>1</td>
              <td>97</td>
              <td>1</td>
              <td>2.77494</td>
              <td>2.74534</td>
              <td>320279.3733</td>
              <td>322025.6786</td>
              <td>213584.7903</td>
              <td>215823.1349</td>
              <td>841380.0518</td>
          </tr>
          <tr id="LC831" class="js-file-line">
            <td id="L831" class="blob-num js-line-number" data-line-number="831"></td>
              <td>USM_0050487</td>
              <td>25.7972</td>
              <td>1</td>
              <td>86</td>
              <td>1</td>
              <td>2.6182</td>
              <td>2.57838</td>
              <td>278705.6438</td>
              <td>277928.5461</td>
              <td>239536.7225</td>
              <td>239000.1186</td>
              <td>749964.1899</td>
          </tr>
          <tr id="LC832" class="js-file-line">
            <td id="L832" class="blob-num js-line-number" data-line-number="832"></td>
              <td>USM_0050488</td>
              <td>25.4511</td>
              <td>1</td>
              <td>100</td>
              <td>1</td>
              <td>2.621</td>
              <td>2.59127</td>
              <td>281074.174</td>
              <td>280449.2231</td>
              <td>250658.8287</td>
              <td>250306.2718</td>
              <td>750160.3971</td>
          </tr>
          <tr id="LC833" class="js-file-line">
            <td id="L833" class="blob-num js-line-number" data-line-number="833"></td>
              <td>USM_0050489</td>
              <td>16.7584</td>
              <td>1</td>
              <td>94</td>
              <td>1</td>
              <td>2.67374</td>
              <td>2.62324</td>
              <td>334504.9578</td>
              <td>324619.3616</td>
              <td>292294.0975</td>
              <td>288412.0448</td>
              <td>878223.3194</td>
          </tr>
          <tr id="LC834" class="js-file-line">
            <td id="L834" class="blob-num js-line-number" data-line-number="834"></td>
              <td>USM_0050490</td>
              <td>19.6277</td>
              <td>1</td>
              <td>110</td>
              <td>1</td>
              <td>2.59277</td>
              <td>2.57331</td>
              <td>287774.4319</td>
              <td>287090.613</td>
              <td>247657.1582</td>
              <td>248634.8435</td>
              <td>768003.045</td>
          </tr>
          <tr id="LC835" class="js-file-line">
            <td id="L835" class="blob-num js-line-number" data-line-number="835"></td>
              <td>USM_0050491</td>
              <td>26.9487</td>
              <td>1</td>
              <td>125</td>
              <td>1</td>
              <td>2.55821</td>
              <td>2.54233</td>
              <td>294823.1148</td>
              <td>298699.0956</td>
              <td>267596.9882</td>
              <td>268356.3132</td>
              <td>786292.2104</td>
          </tr>
          <tr id="LC836" class="js-file-line">
            <td id="L836" class="blob-num js-line-number" data-line-number="836"></td>
              <td>USM_0050492</td>
              <td>32.5503</td>
              <td>1</td>
              <td>126</td>
              <td>1</td>
              <td>2.42659</td>
              <td>2.4133</td>
              <td>250465.0877</td>
              <td>247857.2828</td>
              <td>249601.433</td>
              <td>244761.256</td>
              <td>696170.3705</td>
          </tr>
          <tr id="LC837" class="js-file-line">
            <td id="L837" class="blob-num js-line-number" data-line-number="837"></td>
              <td>USM_0050493</td>
              <td>35.7098</td>
              <td>1</td>
              <td>102</td>
              <td>1</td>
              <td>2.50495</td>
              <td>2.47012</td>
              <td>257767.7758</td>
              <td>256944.5441</td>
              <td>277237.7517</td>
              <td>274338.8267</td>
              <td>697995.3199</td>
          </tr>
          <tr id="LC838" class="js-file-line">
            <td id="L838" class="blob-num js-line-number" data-line-number="838"></td>
              <td>USM_0050494</td>
              <td>37.7769</td>
              <td>1</td>
              <td>65</td>
              <td>1</td>
              <td>2.43085</td>
              <td>2.35214</td>
              <td>259541.6073</td>
              <td>252335.8458</td>
              <td>251377.9525</td>
              <td>245197.6974</td>
              <td>670378.4531</td>
          </tr>
          <tr id="LC839" class="js-file-line">
            <td id="L839" class="blob-num js-line-number" data-line-number="839"></td>
              <td>USM_0050495</td>
              <td>22.5599</td>
              <td>1</td>
              <td>88</td>
              <td>1</td>
              <td>2.58004</td>
              <td>2.54568</td>
              <td>248826.7743</td>
              <td>248972.1688</td>
              <td>253495.8764</td>
              <td>249644.6561</td>
              <td>662113.9431</td>
          </tr>
          <tr id="LC840" class="js-file-line">
            <td id="L840" class="blob-num js-line-number" data-line-number="840"></td>
              <td>USM_0050496</td>
              <td>24.3231</td>
              <td>1</td>
              <td>129</td>
              <td>1</td>
              <td>2.4971</td>
              <td>2.4911</td>
              <td>263653.7081</td>
              <td>264272.5123</td>
              <td>247974.9242</td>
              <td>247093.9857</td>
              <td>704618.2204</td>
          </tr>
          <tr id="LC841" class="js-file-line">
            <td id="L841" class="blob-num js-line-number" data-line-number="841"></td>
              <td>USM_0050497</td>
              <td>34.4613</td>
              <td>1</td>
              <td>80</td>
              <td>1</td>
              <td>2.48157</td>
              <td>2.44626</td>
              <td>257423.4406</td>
              <td>252272.3421</td>
              <td>264055.8211</td>
              <td>260501.0387</td>
              <td>688234.7827</td>
          </tr>
          <tr id="LC842" class="js-file-line">
            <td id="L842" class="blob-num js-line-number" data-line-number="842"></td>
              <td>USM_0050498</td>
              <td>21.1307</td>
              <td>1</td>
              <td>99</td>
              <td>1</td>
              <td>2.71329</td>
              <td>2.7461</td>
              <td>273705.6027</td>
              <td>275839.008</td>
              <td>221695.1425</td>
              <td>221168.309</td>
              <td>742260.6107</td>
          </tr>
          <tr id="LC843" class="js-file-line">
            <td id="L843" class="blob-num js-line-number" data-line-number="843"></td>
              <td>USM_0050499</td>
              <td>25.4346</td>
              <td>1</td>
              <td>113</td>
              <td>1</td>
              <td>2.56479</td>
              <td>2.58774</td>
              <td>270687.8539</td>
              <td>272182.0069</td>
              <td>241238.1968</td>
              <td>240663.1071</td>
              <td>725253.8608</td>
          </tr>
          <tr id="LC844" class="js-file-line">
            <td id="L844" class="blob-num js-line-number" data-line-number="844"></td>
              <td>USM_0050500</td>
              <td>17.2375</td>
              <td>1</td>
              <td>118</td>
              <td>1</td>
              <td>2.80454</td>
              <td>2.73705</td>
              <td>328905.4328</td>
              <td>323169.733</td>
              <td>307603.642</td>
              <td>305621.8461</td>
              <td>842219.1659</td>
          </tr>
          <tr id="LC845" class="js-file-line">
            <td id="L845" class="blob-num js-line-number" data-line-number="845"></td>
              <td>USM_0050501</td>
              <td>17.7057</td>
              <td>1</td>
              <td>78</td>
              <td>1</td>
              <td>2.70589</td>
              <td>2.7368</td>
              <td>297723.1987</td>
              <td>302162.8823</td>
              <td>230568.6979</td>
              <td>228220.4325</td>
              <td>790455.081</td>
          </tr>
          <tr id="LC846" class="js-file-line">
            <td id="L846" class="blob-num js-line-number" data-line-number="846"></td>
              <td>USM_0050502</td>
              <td>32.9582</td>
              <td>1</td>
              <td>90</td>
              <td>1</td>
              <td>2.37979</td>
              <td>2.39479</td>
              <td>266958.3951</td>
              <td>272015.9515</td>
              <td>264686.3028</td>
              <td>270646.9683</td>
              <td>740674.3466</td>
          </tr>
          <tr id="LC847" class="js-file-line">
            <td id="L847" class="blob-num js-line-number" data-line-number="847"></td>
              <td>USM_0050503</td>
              <td>28.6708</td>
              <td>1</td>
              <td>80</td>
              <td>1</td>
              <td>2.58898</td>
              <td>2.59354</td>
              <td>212408.0128</td>
              <td>212951.2353</td>
              <td>202789.1764</td>
              <td>201614.8856</td>
              <td>573031.248</td>
          </tr>
          <tr id="LC848" class="js-file-line">
            <td id="L848" class="blob-num js-line-number" data-line-number="848"></td>
              <td>USM_0050504</td>
              <td>17.6454</td>
              <td>1</td>
              <td>87</td>
              <td>1</td>
              <td>2.70465</td>
              <td>2.66911</td>
              <td>312826.5119</td>
              <td>308825.3421</td>
              <td>250758.4826</td>
              <td>248352.4564</td>
              <td>817358.854</td>
          </tr>
          <tr id="LC849" class="js-file-line">
            <td id="L849" class="blob-num js-line-number" data-line-number="849"></td>
              <td>USM_0050505</td>
              <td>33.1828</td>
              <td>1</td>
              <td>95</td>
              <td>1</td>
              <td>2.55778</td>
              <td>2.55519</td>
              <td>287966.2579</td>
              <td>290838.3991</td>
              <td>235767.3371</td>
              <td>236399.1153</td>
              <td>757211.657</td>
          </tr>
          <tr id="LC850" class="js-file-line">
            <td id="L850" class="blob-num js-line-number" data-line-number="850"></td>
              <td>USM_0050506</td>
              <td>15.9343</td>
              <td>1</td>
              <td>73</td>
              <td>1</td>
              <td>2.77689</td>
              <td>2.79611</td>
              <td>306656.56</td>
              <td>306329.7087</td>
              <td>237764.4831</td>
              <td>234530.0293</td>
              <td>793892.2687</td>
          </tr>
          <tr id="LC851" class="js-file-line">
            <td id="L851" class="blob-num js-line-number" data-line-number="851"></td>
              <td>USM_0050507</td>
              <td>28.1095</td>
              <td>1</td>
              <td>97</td>
              <td>1</td>
              <td>2.492</td>
              <td>2.47969</td>
              <td>214901.7554</td>
              <td>214586.8429</td>
              <td>206086.6671</td>
              <td>205206.0938</td>
              <td>582113.5982</td>
          </tr>
          <tr id="LC852" class="js-file-line">
            <td id="L852" class="blob-num js-line-number" data-line-number="852"></td>
              <td>USM_0050508</td>
              <td>26.3792</td>
              <td>1</td>
              <td>107</td>
              <td>1</td>
              <td>2.5629</td>
              <td>2.55512</td>
              <td>263241.1467</td>
              <td>270360.7555</td>
              <td>207571.8063</td>
              <td>215032.5819</td>
              <td>689594.9022</td>
          </tr>
          <tr id="LC853" class="js-file-line">
            <td id="L853" class="blob-num js-line-number" data-line-number="853"></td>
              <td>USM_0050509</td>
              <td>16.7337</td>
              <td>1</td>
              <td>95</td>
              <td>1</td>
              <td>2.72588</td>
              <td>2.71565</td>
              <td>352005.3946</td>
              <td>348636.9955</td>
              <td>306944.1371</td>
              <td>304331.9242</td>
              <td>911552.3901</td>
          </tr>
          <tr id="LC854" class="js-file-line">
            <td id="L854" class="blob-num js-line-number" data-line-number="854"></td>
              <td>USM_0050510</td>
              <td>14.1437</td>
              <td>1</td>
              <td>102</td>
              <td>1</td>
              <td>2.62976</td>
              <td>2.64388</td>
              <td>260777.8727</td>
              <td>262570.8221</td>
              <td>209527.5548</td>
              <td>210769.068</td>
              <td>699047.6948</td>
          </tr>
          <tr id="LC855" class="js-file-line">
            <td id="L855" class="blob-num js-line-number" data-line-number="855"></td>
              <td>USM_0050511</td>
              <td>16.3833</td>
              <td>1</td>
              <td>114</td>
              <td>1</td>
              <td>2.49681</td>
              <td>2.41733</td>
              <td>291686.1733</td>
              <td>285579.6655</td>
              <td>298236.4039</td>
              <td>306757.0291</td>
              <td>783060.8388</td>
          </tr>
          <tr id="LC856" class="js-file-line">
            <td id="L856" class="blob-num js-line-number" data-line-number="856"></td>
              <td>USM_0050512</td>
              <td>15.4908</td>
              <td>1</td>
              <td>121</td>
              <td>1</td>
              <td>2.77217</td>
              <td>2.79207</td>
              <td>334377.5839</td>
              <td>336980.2854</td>
              <td>254439.6081</td>
              <td>254464.7773</td>
              <td>868970.8693</td>
          </tr>
          <tr id="LC857" class="js-file-line">
            <td id="L857" class="blob-num js-line-number" data-line-number="857"></td>
              <td>USM_0050513</td>
              <td>18.4668</td>
              <td>1</td>
              <td>102</td>
              <td>1</td>
              <td>2.64607</td>
              <td>2.61734</td>
              <td>257191.6437</td>
              <td>264374.426</td>
              <td>186102.7688</td>
              <td>199214.7521</td>
              <td>710855.0697</td>
          </tr>
          <tr id="LC858" class="js-file-line">
            <td id="L858" class="blob-num js-line-number" data-line-number="858"></td>
              <td>USM_0050514</td>
              <td>21.4018</td>
              <td>1</td>
              <td>109</td>
              <td>1</td>
              <td>2.79253</td>
              <td>2.77619</td>
              <td>245275.3273</td>
              <td>243431.0846</td>
              <td>199070.0608</td>
              <td>196665.3748</td>
              <td>639269.412</td>
          </tr>
          <tr id="LC859" class="js-file-line">
            <td id="L859" class="blob-num js-line-number" data-line-number="859"></td>
              <td>USM_0050515</td>
              <td>15.8522</td>
              <td>1</td>
              <td>94</td>
              <td>1</td>
              <td>2.58751</td>
              <td>2.59288</td>
              <td>283437.9787</td>
              <td>286475.6441</td>
              <td>240671.0348</td>
              <td>240358.9054</td>
              <td>753468.6227</td>
          </tr>
          <tr id="LC860" class="js-file-line">
            <td id="L860" class="blob-num js-line-number" data-line-number="860"></td>
              <td>USM_0050516</td>
              <td>17.1143</td>
              <td>1</td>
              <td>107</td>
              <td>1</td>
              <td>2.72873</td>
              <td>2.71159</td>
              <td>293943.9649</td>
              <td>295518.3204</td>
              <td>239491.3279</td>
              <td>240702.4837</td>
              <td>783671.2853</td>
          </tr>
          <tr id="LC861" class="js-file-line">
            <td id="L861" class="blob-num js-line-number" data-line-number="861"></td>
              <td>USM_0050517</td>
              <td>16.501</td>
              <td>1</td>
              <td>109</td>
              <td>1</td>
              <td>2.68453</td>
              <td>2.6548</td>
              <td>302571.1903</td>
              <td>297515.9512</td>
              <td>274652.9261</td>
              <td>269107.0371</td>
              <td>801595.1415</td>
          </tr>
          <tr id="LC862" class="js-file-line">
            <td id="L862" class="blob-num js-line-number" data-line-number="862"></td>
              <td>USM_0050518</td>
              <td>18.6585</td>
              <td>1</td>
              <td>77</td>
              <td>1</td>
              <td>2.48814</td>
              <td>2.43475</td>
              <td>277811.3006</td>
              <td>272531.6403</td>
              <td>242235.8707</td>
              <td>243650.1018</td>
              <td>739184.941</td>
          </tr>
          <tr id="LC863" class="js-file-line">
            <td id="L863" class="blob-num js-line-number" data-line-number="863"></td>
              <td>USM_0050519</td>
              <td>16.3778</td>
              <td>1</td>
              <td>83</td>
              <td>1</td>
              <td>2.57671</td>
              <td>2.53537</td>
              <td>257957.2497</td>
              <td>253544.5966</td>
              <td>256419.5105</td>
              <td>253533.4249</td>
              <td>702111.8463</td>
          </tr>
          <tr id="LC864" class="js-file-line">
            <td id="L864" class="blob-num js-line-number" data-line-number="864"></td>
              <td>USM_0050520</td>
              <td>17.6728</td>
              <td>1</td>
              <td>76</td>
              <td>1</td>
              <td>2.8002</td>
              <td>2.792</td>
              <td>302558.957</td>
              <td>301347.4814</td>
              <td>231159.7946</td>
              <td>232186.2322</td>
              <td>776434.4384</td>
          </tr>
          <tr id="LC865" class="js-file-line">
            <td id="L865" class="blob-num js-line-number" data-line-number="865"></td>
              <td>USM_0050521</td>
              <td>18.4175</td>
              <td>1</td>
              <td>80</td>
              <td>1</td>
              <td>2.6166</td>
              <td>2.59428</td>
              <td>261989.3853</td>
              <td>260188.7861</td>
              <td>218940.7134</td>
              <td>217447.8847</td>
              <td>689056.1713</td>
          </tr>
          <tr id="LC866" class="js-file-line">
            <td id="L866" class="blob-num js-line-number" data-line-number="866"></td>
              <td>USM_0050522</td>
              <td>14.7515</td>
              <td>1</td>
              <td>100</td>
              <td>1</td>
              <td>2.62448</td>
              <td>2.64581</td>
              <td>247296.5898</td>
              <td>250163.2754</td>
              <td>206963.4478</td>
              <td>204438.1125</td>
              <td>668888.8652</td>
          </tr>
          <tr id="LC867" class="js-file-line">
            <td id="L867" class="blob-num js-line-number" data-line-number="867"></td>
              <td>USM_0050523</td>
              <td>17.3251</td>
              <td>1</td>
              <td>115</td>
              <td>1</td>
              <td>2.57401</td>
              <td>2.55226</td>
              <td>300136.8933</td>
              <td>298359.1023</td>
              <td>275245.5251</td>
              <td>274947.7803</td>
              <td>795743.9955</td>
          </tr>
          <tr id="LC868" class="js-file-line">
            <td id="L868" class="blob-num js-line-number" data-line-number="868"></td>
              <td>USM_0050524</td>
              <td>12.334</td>
              <td>1</td>
              <td>83</td>
              <td>1</td>
              <td>2.7792</td>
              <td>2.75065</td>
              <td>293806.4908</td>
              <td>290307.5232</td>
              <td>216983.6358</td>
              <td>212668.9602</td>
              <td>790137.0141</td>
          </tr>
          <tr id="LC869" class="js-file-line">
            <td id="L869" class="blob-num js-line-number" data-line-number="869"></td>
              <td>USM_0050525</td>
              <td>32.8487</td>
              <td>1</td>
              <td>106</td>
              <td>1</td>
              <td>2.49124</td>
              <td>2.5127</td>
              <td>290788.9828</td>
              <td>294742.8311</td>
              <td>275722.2067</td>
              <td>274951.188</td>
              <td>777460.8139</td>
          </tr>
          <tr id="LC870" class="js-file-line">
            <td id="L870" class="blob-num js-line-number" data-line-number="870"></td>
              <td>USM_0050526</td>
              <td>50.2231</td>
              <td>1</td>
              <td>123</td>
              <td>1</td>
              <td>2.41558</td>
              <td>2.437</td>
              <td>245010.8767</td>
              <td>248802.0283</td>
              <td>230598.2618</td>
              <td>234724.5461</td>
              <td>663585.9049</td>
          </tr>
          <tr id="LC871" class="js-file-line">
            <td id="L871" class="blob-num js-line-number" data-line-number="871"></td>
              <td>USM_0050527</td>
              <td>18.4148</td>
              <td>1</td>
              <td>93</td>
              <td>1</td>
              <td>2.68057</td>
              <td>2.56138</td>
              <td>294823.2815</td>
              <td>280721.7322</td>
              <td>266126.035</td>
              <td>260641.5609</td>
              <td>746120.0138</td>
          </tr>
          <tr id="LC872" class="js-file-line">
            <td id="L872" class="blob-num js-line-number" data-line-number="872"></td>
              <td>USM_0050528</td>
              <td>11.3539</td>
              <td>1</td>
              <td>100</td>
              <td>1</td>
              <td>2.79403</td>
              <td>2.79867</td>
              <td>339661.8914</td>
              <td>339727.3152</td>
              <td>284649.2289</td>
              <td>284213.9927</td>
              <td>887676.2066</td>
          </tr>
          <tr id="LC873" class="js-file-line">
            <td id="L873" class="blob-num js-line-number" data-line-number="873"></td>
              <td>USM_0050529</td>
              <td>42.3354</td>
              <td>1</td>
              <td>128</td>
              <td>1</td>
              <td>2.5588</td>
              <td>2.5123</td>
              <td>272014.7182</td>
              <td>268975.3472</td>
              <td>228169.0342</td>
              <td>223558.7949</td>
              <td>711144.0654</td>
          </tr>
          <tr id="LC874" class="js-file-line">
            <td id="L874" class="blob-num js-line-number" data-line-number="874"></td>
              <td>USM_0050530</td>
              <td>18.245</td>
              <td>1</td>
              <td>106</td>
              <td>1</td>
              <td>2.56456</td>
              <td>2.61047</td>
              <td>274820.5577</td>
              <td>282717.6763</td>
              <td>227503.8245</td>
              <td>229435.5017</td>
              <td>755185.234</td>
          </tr>
          <tr id="LC875" class="js-file-line">
            <td id="L875" class="blob-num js-line-number" data-line-number="875"></td>
              <td>USM_0050531</td>
              <td>28.0903</td>
              <td>1</td>
              <td>112</td>
              <td>1</td>
              <td>2.54194</td>
              <td>2.5588</td>
              <td>236444.899</td>
              <td>236702.9883</td>
              <td>213048.545</td>
              <td>209972.4602</td>
              <td>631283.8873</td>
          </tr>
          <tr id="LC876" class="js-file-line">
            <td id="L876" class="blob-num js-line-number" data-line-number="876"></td>
              <td>USM_0050532</td>
              <td>16.9199</td>
              <td>1</td>
              <td>84</td>
              <td>1</td>
              <td>2.62232</td>
              <td>2.59572</td>
              <td>250937.2017</td>
              <td>248429.1781</td>
              <td>193178.311</td>
              <td>188812.3642</td>
              <td>662170.3798</td>
          </tr>
          <tr id="LC877" class="js-file-line">
            <td id="L877" class="blob-num js-line-number" data-line-number="877"></td>
              <td>Yale_0050551</td>
              <td>15.92</td>
              <td>1</td>
              <td>94</td>
              <td>-1</td>
              <td>2.53186</td>
              <td>2.52521</td>
              <td>270077.5305</td>
              <td>264413.019</td>
              <td>226188.086</td>
              <td>220760.8591</td>
              <td>716615.5495</td>
          </tr>
          <tr id="LC878" class="js-file-line">
            <td id="L878" class="blob-num js-line-number" data-line-number="878"></td>
              <td>Yale_0050552</td>
              <td>12.75</td>
              <td>1</td>
              <td>106</td>
              <td>-1</td>
              <td>2.49093</td>
              <td>2.47812</td>
              <td>278591.5377</td>
              <td>271648.1293</td>
              <td>267500.5949</td>
              <td>262068.471</td>
              <td>737414.667</td>
          </tr>
          <tr id="LC879" class="js-file-line">
            <td id="L879" class="blob-num js-line-number" data-line-number="879"></td>
              <td>Yale_0050553</td>
              <td>9.75</td>
              <td>1</td>
              <td>127</td>
              <td>-1</td>
              <td>2.79414</td>
              <td>2.81153</td>
              <td>277097.5843</td>
              <td>279200.549</td>
              <td>178691.5961</td>
              <td>176904.263</td>
              <td>742437.1334</td>
          </tr>
          <tr id="LC880" class="js-file-line">
            <td id="L880" class="blob-num js-line-number" data-line-number="880"></td>
              <td>Yale_0050554</td>
              <td>8.67</td>
              <td>1</td>
              <td>99</td>
              <td>-1</td>
              <td>2.71811</td>
              <td>2.76706</td>
              <td>253522.2126</td>
              <td>262670.6786</td>
              <td>184387.0436</td>
              <td>189296.9553</td>
              <td>686279.8911</td>
          </tr>
          <tr id="LC881" class="js-file-line">
            <td id="L881" class="blob-num js-line-number" data-line-number="881"></td>
              <td>Yale_0050556</td>
              <td>10.67</td>
              <td>1</td>
              <td>78</td>
              <td>-1</td>
              <td>2.66038</td>
              <td>2.64685</td>
              <td>273943.8944</td>
              <td>276339.6297</td>
              <td>206084.3591</td>
              <td>211487.3974</td>
              <td>719064.5241</td>
          </tr>
          <tr id="LC882" class="js-file-line">
            <td id="L882" class="blob-num js-line-number" data-line-number="882"></td>
              <td>Yale_0050559</td>
              <td>12.25</td>
              <td>1</td>
              <td>123</td>
              <td>-1</td>
              <td>2.55735</td>
              <td>2.65263</td>
              <td>267552.6615</td>
              <td>276602.5415</td>
              <td>229376.3151</td>
              <td>230660.1325</td>
              <td>733610.203</td>
          </tr>
          <tr id="LC883" class="js-file-line">
            <td id="L883" class="blob-num js-line-number" data-line-number="883"></td>
              <td>Yale_0050560</td>
              <td>9.25</td>
              <td>1</td>
              <td>111</td>
              <td>-1</td>
              <td>2.70482</td>
              <td>2.76463</td>
              <td>266888.1165</td>
              <td>284152.3884</td>
              <td>208246.5225</td>
              <td>215385.5622</td>
              <td>743879.5049</td>
          </tr>
          <tr id="LC884" class="js-file-line">
            <td id="L884" class="blob-num js-line-number" data-line-number="884"></td>
              <td>Yale_0050561</td>
              <td>13.33</td>
              <td>1</td>
              <td>110</td>
              <td>-1</td>
              <td>2.49422</td>
              <td>2.47952</td>
              <td>257399.1766</td>
              <td>255091.613</td>
              <td>239696.5894</td>
              <td>242745.9277</td>
              <td>688915.7896</td>
          </tr>
          <tr id="LC885" class="js-file-line">
            <td id="L885" class="blob-num js-line-number" data-line-number="885"></td>
              <td>Yale_0050562</td>
              <td>10.83</td>
              <td>1</td>
              <td>114</td>
              <td>-1</td>
              <td>2.56109</td>
              <td>2.64973</td>
              <td>279258.3424</td>
              <td>289429.9424</td>
              <td>253204.9038</td>
              <td>256542.3238</td>
              <td>775801.2849</td>
          </tr>
          <tr id="LC886" class="js-file-line">
            <td id="L886" class="blob-num js-line-number" data-line-number="886"></td>
              <td>Yale_0050564</td>
              <td>7.66</td>
              <td>1</td>
              <td>140</td>
              <td>-1</td>
              <td>2.50801</td>
              <td>2.56365</td>
              <td>227383.268</td>
              <td>239444.4694</td>
              <td>189166.8776</td>
              <td>192907.5402</td>
              <td>646296.7374</td>
          </tr>
          <tr id="LC887" class="js-file-line">
            <td id="L887" class="blob-num js-line-number" data-line-number="887"></td>
              <td>Yale_0050566</td>
              <td>9.66</td>
              <td>1</td>
              <td>107</td>
              <td>-1</td>
              <td>2.56482</td>
              <td>2.6084</td>
              <td>250308.1084</td>
              <td>262877.7565</td>
              <td>211302.3201</td>
              <td>214124.6921</td>
              <td>702581.8649</td>
          </tr>
          <tr id="LC888" class="js-file-line">
            <td id="L888" class="blob-num js-line-number" data-line-number="888"></td>
              <td>Yale_0050567</td>
              <td>17.83</td>
              <td>1</td>
              <td>80</td>
              <td>-1</td>
              <td>2.42727</td>
              <td>2.42635</td>
              <td>234905.4511</td>
              <td>234469.1085</td>
              <td>215790.3931</td>
              <td>219989.3023</td>
              <td>637292.5596</td>
          </tr>
          <tr id="LC889" class="js-file-line">
            <td id="L889" class="blob-num js-line-number" data-line-number="889"></td>
              <td>Yale_0050568</td>
              <td>13.92</td>
              <td>1</td>
              <td>92</td>
              <td>-1</td>
              <td>2.5663</td>
              <td>2.56708</td>
              <td>251018.0523</td>
              <td>248701.4268</td>
              <td>209585.1142</td>
              <td>209933.1848</td>
              <td>672468.4791</td>
          </tr>
          <tr id="LC890" class="js-file-line">
            <td id="L890" class="blob-num js-line-number" data-line-number="890"></td>
              <td>Yale_0050570</td>
              <td>16.66</td>
              <td>1</td>
              <td>88</td>
              <td>-1</td>
              <td>2.34823</td>
              <td>2.4029</td>
              <td>250409.9407</td>
              <td>261848.8382</td>
              <td>264166.3801</td>
              <td>265065.7536</td>
              <td>699646.7789</td>
          </tr>
          <tr id="LC891" class="js-file-line">
            <td id="L891" class="blob-num js-line-number" data-line-number="891"></td>
              <td>Yale_0050571</td>
              <td>11</td>
              <td>1</td>
              <td>92</td>
              <td>-1</td>
              <td>2.55377</td>
              <td>2.64093</td>
              <td>259162.4326</td>
              <td>265690.7801</td>
              <td>213359.4673</td>
              <td>211457.9512</td>
              <td>699290.2127</td>
          </tr>
          <tr id="LC892" class="js-file-line">
            <td id="L892" class="blob-num js-line-number" data-line-number="892"></td>
              <td>Yale_0050573</td>
              <td>14.17</td>
              <td>1</td>
              <td>103</td>
              <td>-1</td>
              <td>2.42535</td>
              <td>2.39555</td>
              <td>238076.462</td>
              <td>243644.8973</td>
              <td>221588.2578</td>
              <td>226955.7109</td>
              <td>642596.3593</td>
          </tr>
          <tr id="LC893" class="js-file-line">
            <td id="L893" class="blob-num js-line-number" data-line-number="893"></td>
              <td>Yale_0050574</td>
              <td>10.92</td>
              <td>1</td>
              <td>91</td>
              <td>-1</td>
              <td>2.42962</td>
              <td>2.49099</td>
              <td>268759.2465</td>
              <td>278308.0499</td>
              <td>244709.2121</td>
              <td>247587.4741</td>
              <td>727667.2964</td>
          </tr>
          <tr id="LC894" class="js-file-line">
            <td id="L894" class="blob-num js-line-number" data-line-number="894"></td>
              <td>Yale_0050575</td>
              <td>14</td>
              <td>1</td>
              <td>120</td>
              <td>-1</td>
              <td>2.37804</td>
              <td>2.39964</td>
              <td>251920.7364</td>
              <td>262861.6735</td>
              <td>266502.6375</td>
              <td>270931.2937</td>
              <td>697445.4098</td>
          </tr>
          <tr id="LC895" class="js-file-line">
            <td id="L895" class="blob-num js-line-number" data-line-number="895"></td>
              <td>Yale_0050577</td>
              <td>15.25</td>
              <td>1</td>
              <td>73</td>
              <td>-1</td>
              <td>2.46808</td>
              <td>2.52101</td>
              <td>220311.0191</td>
              <td>232550.7887</td>
              <td>203659.1284</td>
              <td>208044.2028</td>
              <td>616800.8078</td>
          </tr>
          <tr id="LC896" class="js-file-line">
            <td id="L896" class="blob-num js-line-number" data-line-number="896"></td>
              <td>Yale_0050578</td>
              <td>12.33</td>
              <td>1</td>
              <td>104</td>
              <td>-1</td>
              <td>2.48663</td>
              <td>2.59526</td>
              <td>272698.2176</td>
              <td>293848.6882</td>
              <td>221348.2354</td>
              <td>228197.2887</td>
              <td>748337.9058</td>
          </tr>
          <tr id="LC897" class="js-file-line">
            <td id="L897" class="blob-num js-line-number" data-line-number="897"></td>
              <td>Yale_0050601</td>
              <td>14.33</td>
              <td>1</td>
              <td>102</td>
              <td>1</td>
              <td>2.38944</td>
              <td>2.42127</td>
              <td>236248.2173</td>
              <td>239800.1947</td>
              <td>233289.066</td>
              <td>230052.9809</td>
              <td>648018.412</td>
          </tr>
          <tr id="LC898" class="js-file-line">
            <td id="L898" class="blob-num js-line-number" data-line-number="898"></td>
              <td>Yale_0050602</td>
              <td>10</td>
              <td>1</td>
              <td>108</td>
              <td>1</td>
              <td>2.88627</td>
              <td>2.87677</td>
              <td>312527.0451</td>
              <td>312232.2116</td>
              <td>202593.0943</td>
              <td>199283.0679</td>
              <td>816325.2567</td>
          </tr>
          <tr id="LC899" class="js-file-line">
            <td id="L899" class="blob-num js-line-number" data-line-number="899"></td>
              <td>Yale_0050603</td>
              <td>13.25</td>
              <td>1</td>
              <td>76</td>
              <td>1</td>
              <td>2.51178</td>
              <td>2.52334</td>
              <td>263109.8485</td>
              <td>266835.9315</td>
              <td>241213.9436</td>
              <td>240877.7724</td>
              <td>721394.78</td>
          </tr>
          <tr id="LC900" class="js-file-line">
            <td id="L900" class="blob-num js-line-number" data-line-number="900"></td>
              <td>Yale_0050605</td>
              <td>16</td>
              <td>1</td>
              <td>121</td>
              <td>1</td>
              <td>2.55925</td>
              <td>2.54801</td>
              <td>317519.6624</td>
              <td>323377.739</td>
              <td>245202.9341</td>
              <td>253998.1487</td>
              <td>835049.4014</td>
          </tr>
          <tr id="LC901" class="js-file-line">
            <td id="L901" class="blob-num js-line-number" data-line-number="901"></td>
              <td>Yale_0050606</td>
              <td>16.42</td>
              <td>1</td>
              <td>41</td>
              <td>1</td>
              <td>2.34069</td>
              <td>2.32577</td>
              <td>262200.501</td>
              <td>261890.6843</td>
              <td>258288.8262</td>
              <td>259790.8894</td>
              <td>731925.1853</td>
          </tr>
          <tr id="LC902" class="js-file-line">
            <td id="L902" class="blob-num js-line-number" data-line-number="902"></td>
              <td>Yale_0050607</td>
              <td>17.17</td>
              <td>1</td>
              <td>141</td>
              <td>1</td>
              <td>2.47583</td>
              <td>2.41877</td>
              <td>270615.0814</td>
              <td>271816.655</td>
              <td>277248.2404</td>
              <td>282774.0663</td>
              <td>726741.7364</td>
          </tr>
          <tr id="LC903" class="js-file-line">
            <td id="L903" class="blob-num js-line-number" data-line-number="903"></td>
              <td>Yale_0050608</td>
              <td>16.58</td>
              <td>1</td>
              <td>100</td>
              <td>1</td>
              <td>2.56867</td>
              <td>2.60335</td>
              <td>281668.1293</td>
              <td>292967.3582</td>
              <td>262054.5436</td>
              <td>270880.8557</td>
              <td>782105.4876</td>
          </tr>
          <tr id="LC904" class="js-file-line">
            <td id="L904" class="blob-num js-line-number" data-line-number="904"></td>
              <td>Yale_0050609</td>
              <td>8.92</td>
              <td>1</td>
              <td>114</td>
              <td>1</td>
              <td>2.54867</td>
              <td>2.57746</td>
              <td>260668.2945</td>
              <td>271875.1939</td>
              <td>224834.1595</td>
              <td>226963.8094</td>
              <td>722130.4884</td>
          </tr>
          <tr id="LC905" class="js-file-line">
            <td id="L905" class="blob-num js-line-number" data-line-number="905"></td>
              <td>Yale_0050610</td>
              <td>13</td>
              <td>1</td>
              <td>95</td>
              <td>1</td>
              <td>2.55574</td>
              <td>2.59162</td>
              <td>270640.8639</td>
              <td>276463.0792</td>
              <td>217132.2394</td>
              <td>216311.4595</td>
              <td>726225.9431</td>
          </tr>
          <tr id="LC906" class="js-file-line">
            <td id="L906" class="blob-num js-line-number" data-line-number="906"></td>
              <td>Yale_0050611</td>
              <td>11.92</td>
              <td>1</td>
              <td>86</td>
              <td>1</td>
              <td>2.4472</td>
              <td>2.46463</td>
              <td>275366.494</td>
              <td>278583.6059</td>
              <td>237294.0172</td>
              <td>238323.066</td>
              <td>728268.0999</td>
          </tr>
          <tr id="LC907" class="js-file-line">
            <td id="L907" class="blob-num js-line-number" data-line-number="907"></td>
              <td>Yale_0050612</td>
              <td>11.83</td>
              <td>1</td>
              <td>121</td>
              <td>1</td>
              <td>2.5109</td>
              <td>2.56119</td>
              <td>269440.847</td>
              <td>290775.1219</td>
              <td>226475.6658</td>
              <td>233634.4441</td>
              <td>750028.969</td>
          </tr>
          <tr id="LC908" class="js-file-line">
            <td id="L908" class="blob-num js-line-number" data-line-number="908"></td>
              <td>Yale_0050613</td>
              <td>12.5</td>
              <td>1</td>
              <td>131</td>
              <td>1</td>
              <td>2.49137</td>
              <td>2.48329</td>
              <td>291643.2005</td>
              <td>289511.4665</td>
              <td>242209.1429</td>
              <td>242251.1407</td>
              <td>784088.667</td>
          </tr>
          <tr id="LC909" class="js-file-line">
            <td id="L909" class="blob-num js-line-number" data-line-number="909"></td>
              <td>Yale_0050614</td>
              <td>17.75</td>
              <td>1</td>
              <td>72</td>
              <td>1</td>
              <td>2.26437</td>
              <td>2.42517</td>
              <td>237579.4048</td>
              <td>236662.4394</td>
              <td>212243.2259</td>
              <td>205297.4342</td>
              <td>645006.8443</td>
          </tr>
          <tr id="LC910" class="js-file-line">
            <td id="L910" class="blob-num js-line-number" data-line-number="910"></td>
              <td>Yale_0050616</td>
              <td>11.83</td>
              <td>1</td>
              <td>93</td>
              <td>1</td>
              <td>2.65343</td>
              <td>2.65635</td>
              <td>287478.0646</td>
              <td>290744.7566</td>
              <td>247566.9096</td>
              <td>250920.1696</td>
              <td>774167.8212</td>
          </tr>
          <tr id="LC911" class="js-file-line">
            <td id="L911" class="blob-num js-line-number" data-line-number="911"></td>
              <td>Yale_0050617</td>
              <td>7.25</td>
              <td>1</td>
              <td>84</td>
              <td>1</td>
              <td>2.51801</td>
              <td>2.60418</td>
              <td>194624.0942</td>
              <td>202144.3129</td>
              <td>156795.3876</td>
              <td>153612.4846</td>
              <td>561357.407</td>
          </tr>
          <tr id="LC912" class="js-file-line">
            <td id="L912" class="blob-num js-line-number" data-line-number="912"></td>
              <td>Yale_0050618</td>
              <td>12.75</td>
              <td>1</td>
              <td>76</td>
              <td>1</td>
              <td>2.36238</td>
              <td>2.38152</td>
              <td>192826.5499</td>
              <td>195519.7899</td>
              <td>181671.5502</td>
              <td>178748.1592</td>
              <td>550196.3398</td>
          </tr>
          <tr id="LC913" class="js-file-line">
            <td id="L913" class="blob-num js-line-number" data-line-number="913"></td>
              <td>Yale_0050622</td>
              <td>9.92</td>
              <td>1</td>
              <td>89</td>
              <td>1</td>
              <td>2.50005</td>
              <td>2.52849</td>
              <td>252293.1567</td>
              <td>257263.1314</td>
              <td>210779.795</td>
              <td>210714.3714</td>
              <td>691881.2881</td>
          </tr>
          <tr id="LC914" class="js-file-line">
            <td id="L914" class="blob-num js-line-number" data-line-number="914"></td>
              <td>Yale_0050625</td>
              <td>7</td>
              <td>1</td>
              <td>99</td>
              <td>1</td>
              <td>2.70636</td>
              <td>2.72184</td>
              <td>264309.1936</td>
              <td>268447.9865</td>
              <td>186742.5963</td>
              <td>189804.7237</td>
              <td>694421.1801</td>
          </tr>
          <tr id="LC915" class="js-file-line">
            <td id="L915" class="blob-num js-line-number" data-line-number="915"></td>
              <td>Yale_0050626</td>
              <td>11.08</td>
              <td>1</td>
              <td>61</td>
              <td>1</td>
              <td>2.52114</td>
              <td>2.54823</td>
              <td>296770.5313</td>
              <td>309780.9732</td>
              <td>255228.1165</td>
              <td>260365.0738</td>
              <td>803490.5045</td>
          </tr>
          <tr id="LC916" class="js-file-line">
            <td id="L916" class="blob-num js-line-number" data-line-number="916"></td>
              <td>Yale_0050628</td>
              <td>14.42</td>
              <td>1</td>
              <td>77</td>
              <td>1</td>
              <td>2.43238</td>
              <td>2.50265</td>
              <td>227194.778</td>
              <td>238810.8206</td>
              <td>219704.4479</td>
              <td>221946.7201</td>
              <td>627204.5987</td>
          </tr>
      </tbody>
    </table>
  </div>

  </div>

    </div>

  


  <details class="details-reset details-overlay details-overlay-dark" id="jumpto-line-details-dialog">
    <summary data-hotkey="l" aria-label="Jump to line"></summary>
    <details-dialog class="Box Box--overlay d-flex flex-column anim-fade-in fast linejump" aria-label="Jump to line">
      <!-- '"` --><!-- </textarea></xmp> --></option></form><form class="js-jump-to-line-form Box-body d-flex" action="" accept-charset="UTF-8" method="get">
        <input class="form-control flex-auto mr-3 linejump-input js-jump-to-line-field" type="text" placeholder="Jump to line&hellip;" aria-label="Jump to line" autofocus>
        <button type="submit" class="btn" data-close-dialog>Go</button>
</form>    </details-dialog>
  </details>




  </div>
</div>

    </main>
  </div>

  </div>

          
<div class="footer container-xl width-full p-responsive" role="contentinfo">
  <div class="position-relative d-flex flex-row-reverse flex-lg-row flex-wrap flex-lg-nowrap flex-justify-center flex-lg-justify-between pt-6 pb-2 mt-6 f6 text-gray border-top border-gray-light ">
    <ul class="list-style-none d-flex flex-wrap col-12 col-lg-5 flex-justify-center flex-lg-justify-between mb-2 mb-lg-0">
      <li class="mr-3 mr-lg-0">&copy; 2021 GitHub, Inc.</li>
        <li class="mr-3 mr-lg-0"><a data-ga-click="Footer, go to terms, text:terms" href="https://github.com/site/terms">Terms</a></li>
        <li class="mr-3 mr-lg-0"><a data-ga-click="Footer, go to privacy, text:privacy" href="https://github.com/site/privacy">Privacy</a></li>
        <li class="mr-3 mr-lg-0"><a data-ga-click="Footer, go to security, text:security" href="https://github.com/security">Security</a></li>
        <li class="mr-3 mr-lg-0"><a href="https://githubstatus.com/" data-ga-click="Footer, go to status, text:status">Status</a></li>
        <li><a data-ga-click="Footer, go to help, text:help" href="https://docs.github.com">Help</a></li>
    </ul>

    <a aria-label="Homepage" title="GitHub" class="footer-octicon d-none d-lg-block mx-lg-4" href="https://github.com">
      <svg height="24" class="octicon octicon-mark-github" viewBox="0 0 16 16" version="1.1" width="24" aria-hidden="true"><path fill-rule="evenodd" d="M8 0C3.58 0 0 3.58 0 8c0 3.54 2.29 6.53 5.47 7.59.4.07.55-.17.55-.38 0-.19-.01-.82-.01-1.49-2.01.37-2.53-.49-2.69-.94-.09-.23-.48-.94-.82-1.13-.28-.15-.68-.52-.01-.53.63-.01 1.08.58 1.23.82.72 1.21 1.87.87 2.33.66.07-.52.28-.87.51-1.07-1.78-.2-3.64-.89-3.64-3.95 0-.87.31-1.59.82-2.15-.08-.2-.36-1.02.08-2.12 0 0 .67-.21 2.2.82.64-.18 1.32-.27 2-.27.68 0 1.36.09 2 .27 1.53-1.04 2.2-.82 2.2-.82.44 1.1.16 1.92.08 2.12.51.56.82 1.27.82 2.15 0 3.07-1.87 3.75-3.65 3.95.29.25.54.73.54 1.48 0 1.07-.01 1.93-.01 2.2 0 .21.15.46.55.38A8.013 8.013 0 0016 8c0-4.42-3.58-8-8-8z"></path></svg>
</a>
    <ul class="list-style-none d-flex flex-wrap col-12 col-lg-5 flex-justify-center flex-lg-justify-between mb-2 mb-lg-0">
        <li class="mr-3 mr-lg-0"><a data-ga-click="Footer, go to contact, text:contact" href="https://github.com/contact">Contact GitHub</a></li>
        <li class="mr-3 mr-lg-0"><a href="https://github.com/pricing" data-ga-click="Footer, go to Pricing, text:Pricing">Pricing</a></li>
      <li class="mr-3 mr-lg-0"><a href="https://docs.github.com" data-ga-click="Footer, go to api, text:api">API</a></li>
      <li class="mr-3 mr-lg-0"><a href="https://services.github.com" data-ga-click="Footer, go to training, text:training">Training</a></li>
        <li class="mr-3 mr-lg-0"><a href="https://github.blog" data-ga-click="Footer, go to blog, text:blog">Blog</a></li>
        <li><a data-ga-click="Footer, go to about, text:about" href="https://github.com/about">About</a></li>
    </ul>
  </div>
  <div class="d-flex flex-justify-center pb-6">
    <span class="f6 text-gray-light"></span>
  </div>

  
</div>



  <div id="ajax-error-message" class="ajax-error-message flash flash-error">
    <svg class="octicon octicon-alert" viewBox="0 0 16 16" version="1.1" width="16" height="16" aria-hidden="true"><path fill-rule="evenodd" d="M8.22 1.754a.25.25 0 00-.44 0L1.698 13.132a.25.25 0 00.22.368h12.164a.25.25 0 00.22-.368L8.22 1.754zm-1.763-.707c.659-1.234 2.427-1.234 3.086 0l6.082 11.378A1.75 1.75 0 0114.082 15H1.918a1.75 1.75 0 01-1.543-2.575L6.457 1.047zM9 11a1 1 0 11-2 0 1 1 0 012 0zm-.25-5.25a.75.75 0 00-1.5 0v2.5a.75.75 0 001.5 0v-2.5z"></path></svg>
    <button type="button" class="flash-close js-ajax-error-dismiss" aria-label="Dismiss error">
      <svg class="octicon octicon-x" viewBox="0 0 16 16" version="1.1" width="16" height="16" aria-hidden="true"><path fill-rule="evenodd" d="M3.72 3.72a.75.75 0 011.06 0L8 6.94l3.22-3.22a.75.75 0 111.06 1.06L9.06 8l3.22 3.22a.75.75 0 11-1.06 1.06L8 9.06l-3.22 3.22a.75.75 0 01-1.06-1.06L6.94 8 3.72 4.78a.75.75 0 010-1.06z"></path></svg>
    </button>
    You can’t perform that action at this time.
  </div>


  <div class="js-stale-session-flash flash flash-warn flash-banner" hidden
    >
    <svg class="octicon octicon-alert" viewBox="0 0 16 16" version="1.1" width="16" height="16" aria-hidden="true"><path fill-rule="evenodd" d="M8.22 1.754a.25.25 0 00-.44 0L1.698 13.132a.25.25 0 00.22.368h12.164a.25.25 0 00.22-.368L8.22 1.754zm-1.763-.707c.659-1.234 2.427-1.234 3.086 0l6.082 11.378A1.75 1.75 0 0114.082 15H1.918a1.75 1.75 0 01-1.543-2.575L6.457 1.047zM9 11a1 1 0 11-2 0 1 1 0 012 0zm-.25-5.25a.75.75 0 00-1.5 0v2.5a.75.75 0 001.5 0v-2.5z"></path></svg>
    <span class="js-stale-session-flash-signed-in" hidden>You signed in with another tab or window. <a href="">Reload</a> to refresh your session.</span>
    <span class="js-stale-session-flash-signed-out" hidden>You signed out in another tab or window. <a href="">Reload</a> to refresh your session.</span>
  </div>
    <template id="site-details-dialog">
  <details class="details-reset details-overlay details-overlay-dark lh-default text-gray-dark hx_rsm" open>
    <summary role="button" aria-label="Close dialog"></summary>
    <details-dialog class="Box Box--overlay d-flex flex-column anim-fade-in fast hx_rsm-dialog hx_rsm-modal">
      <button class="Box-btn-octicon m-0 btn-octicon position-absolute right-0 top-0" type="button" aria-label="Close dialog" data-close-dialog>
        <svg class="octicon octicon-x" viewBox="0 0 16 16" version="1.1" width="16" height="16" aria-hidden="true"><path fill-rule="evenodd" d="M3.72 3.72a.75.75 0 011.06 0L8 6.94l3.22-3.22a.75.75 0 111.06 1.06L9.06 8l3.22 3.22a.75.75 0 11-1.06 1.06L8 9.06l-3.22 3.22a.75.75 0 01-1.06-1.06L6.94 8 3.72 4.78a.75.75 0 010-1.06z"></path></svg>
      </button>
      <div class="octocat-spinner my-6 js-details-dialog-spinner"></div>
    </details-dialog>
  </details>
</template>

    <div class="Popover js-hovercard-content position-absolute" style="display: none; outline: none;" tabindex="0">
  <div class="Popover-message Popover-message--bottom-left Popover-message--large Box box-shadow-large" style="width:360px;">
  </div>
</div>


  </body>
</html>

